x	y	z	Phi	Fx	Fy	Fz	Rho
0.001	0	0	-3.7953434	3.8390817	0	0	1370.2449
0.002124478	0	0	-3.7910297	3.8323838	0	0	643.25443
0.0033889288	0	0	-3.7861886	3.825132	0	0	402.27557
0.0048107758	0	0	-3.7807555	3.8171341	0	0	282.55743
0.0064096115	0	0	-3.7746598	3.8079768	0	0	211.39423
0.0082074671	0	0	-3.7678228	3.7977842	0	0	164.4929
0.010229116	0	0	-3.7601565	3.7864071	0	0	131.45048
0.012502416	0	0	-3.7515634	3.7736554	0	0	107.05817
0.015058692	0	0	-3.7419351	3.7593959	0	0	88.433933
0.017933167	0	0	-3.7311517	3.7434863	0	0	73.834284
0.021165452	0	0	-3.7190805	3.7256827	0	0	62.158656
0.024800085	0	0	-3.7055751	3.7058897	0	0	52.669261
0.02888715	0	0	-3.6904741	3.6837911	0	0	44.852381
0.033482964	0	0	-3.6736007	3.6591887	0	0	38.350121
0.038650857	0	0	-3.6547611	3.6319119	0	0	32.888577
0.044462038	0	0	-3.6337438	3.60153	0	0	28.266698
0.050996583	0	0	-3.6103196	3.5679059	0	0	24.337453
0.058344535	0	0	-3.5842396	3.5307874	0	0	20.974186
0.066607146	0	0	-3.5552364	3.4896315	0	0	18.082961
0.07589827	0	0	-3.5230252	3.4443442	0	0	15.595243
0.086345935	0	0	-3.4873002	3.3946823	0	0	13.442454
0.098094103	0	0	-3.4477412	3.3399866	0	0	11.574541
0.11130466	0	0	-3.4040156	3.2801969	0	0	9.9589114
0.12615964	0	0	-3.3557729	3.2153236	0	0	8.5533631
0.14286374	0	0	-3.3026574	3.1445884	0	0	7.3290065
0.16164713	0	0	-3.2443184	3.067792	0	0	6.2687068
0.18276864	0	0	-3.1803977	2.9855121	0	0	5.3466908
0.20651932	0	0	-3.1105484	2.8969823	0	0	4.5428383
0.23322643	0	0	-3.0344609	2.8018485	0	0	3.8471124
0.26325798	0	0	-2.9518376	2.7016777	0	0	3.2464593
0.29702781	0	0	-2.8624078	2.5957881	0	0	2.7261577
0.33500124	0	0	-2.7659932	2.4833346	0	0	2.2797659
0.37770152	0	0	-2.6624795	2.3668202	0	0	1.9028902
0.42571705	0	0	-2.5517578	2.2467715	0	0	1.5765859
0.47970945	0	0	-2.4338527	2.1223462	0	0	1.2927033
0.54042272	0	0	-2.3089404	1.9948555	0	0	1.0523969
0.60869346	0	0	-2.1772087	1.8665986	0	0	0.85177208
0.6854624	0	0	-2.0389641	1.7373161	0	0	0.68953064
0.77178738	0	0	-1.8947111	1.6075513	0	0	0.56366597
0.86885792	0	0	-1.7449731	1.4806404	0	0	0.46049739
0.97801162	0	0	-1.5902469	1.3574582	0	0	0.36634531
1.1007525	0	0	-1.431127	1.2370291	0	0	0.26829501
1.238772	0	0	-1.2706979	1.083992	0	0	0.15930608
1.3939719	0	0	-1.116577	0.90289037	0	0	0.080942032
1.5684907	0	0	-0.97577829	0.71458906	0	0	0.030914792
1.7647333	0	0	-0.85303421	0.54683768	0	0	0.014352443
1.9854037	0	0	-0.74741855	0.41876929	0	0	0.0072023842
2.2335428	0	0	-0.65632409	0.32189152	0	0	0.0037976492
2.5125697	0	0	-0.57737508	0.24874647	0	0	0.0019595077
2.8263293	0	0	-0.50868665	0.19265382	0	0	0.00093321181
3.1791452	0	0	-0.4487912	0.14961929	0	0	0.00046152435
3.5758788	0	0	-0.39639534	0.11651649	0	0	9.5477029e-05
4.021997	0	0	-0.35056643	0.090604115	0	0	4.4148062e-05
4.5236471	0	0	-0.31041623	0.070720764	0	0	2.0427175e-05
5.0877416	0	0	-0.27512368	0.055361634	0	0	9.4564984e-06
5.7220535	0	0	-0.24402129	0.043435545	0	0	4.3795844e-06
6.4353232	0	0	-0.21655715	0.034137747	0	0	2.0289963e-06
7.2373793	0	0	-0.19226842	0.026866311	0	0	9.4026072e-07
8.1392738	0	0	-0.17076238	0.021165797	0	0	4.3582554e-07
9.1534343	0	0	-0.15170258	0.016688391	0	0	2.0204934e-07
10.293835	0	0	-0.13479856	0.013166497	0	0	9.368476e-08
11.576191	0	0	-0.11979802	0.01039303	0	0	4.3444647e-08
13.018172	0	0	-0.10648071	0.0082069888	0	0	2.014886e-08
14.639648	0	0	-0.094653634	0.0064827482	0	0	9.3455366e-09
16.462963	0	0	-0.084147152	0.005122004	0	0	4.3350247e-09
18.513239	0	0	-0.074811782	0.0040476604	0	0	2.0109788e-09
20.81873	0	0	-0.06651556	0.0031991479	0	0	9.3292741e-10
23.411204	0	0	-0.059141812	0.0025288151	0	0	4.3282184e-10
26.326383	0	0	-0.052587257	0.0019991325	0	0	2.0081148e-10
29.604439	0	0	-0.046760382	0.0015805179	0	0	9.3171582e-11
33.29054	0	0	-0.041580045	0.001249637	0	0	4.3230663e-11
37.43548	0	0	-0.036974253	0.00098807436	0	0	2.0059127e-11
42.096373	0	0	-0.032879104	0.0007812904	0	0	9.3076993e-12
47.337445	0	0	-0.029237854	0.00061780171	0	0	4.3189835e-12
53.230915	0	0	-0.026000101	0.00048853626	0	0	2.004142e-12
59.857993	0	0	-0.023121066	0.00038632557	0	0	9.2999845e-13
67.309996	0	0	-0.020560959	0.00030550432	0	0	4.3156072e-13
75.689609	0	0	-0.018284415	0.00024159455	0	0	2.0026581e-13
85.1123	0	0	-0.016260001	0.00019105646	0	0	9.2934357e-14
95.707908	0	0	-0.014459776	0.00015109156	0	0	4.3127058e-14
107.62244	0	0	-0.0128589	0.00011948735	0	0	2.0013678e-14
121.02006	0	0	-0.011435287	9.449444e-05	0	0	9.2876777e-15
136.0854	0	0	-0.010169303	7.4729617e-05	0	0	4.3101276e-15
153.02603	0	0	-0.0090434893	5.9099125e-05	0	0	2.0002099e-15
172.07541	0	0	-0.0080423221	4.6738077e-05	0	0	9.2824615e-16
193.49601	0	0	-0.0071519983	3.6962545e-05	0	0	4.3077716e-16
217.583	0	0	-0.0063602439	2.923169e-05	0	0	1.999143e-16
244.6683	0	0	-0.0056561445	2.3117818e-05	0	0	9.2776197e-17
275.12512	0	0	-0.0050299948	1.8282707e-05	0	0	4.3055694e-17
309.37314	0	0	-0.0044731642	1.4458884e-05	0	0	1.9981395e-17
347.88429	0	0	-0.0039779779	1.1434826e-05	0	0	9.2730368e-18
391.18923	0	0	-0.0035376111	9.0432551e-06	0	0	4.3034749e-18
439.88468	0	0	-0.0031459946	7.1518828e-06	0	0	1.9971803e-18
494.64164	0	0	-0.0027977313	5.6560901e-06	0	0	9.2686367e-19
556.21464	0	0	-0.0024880216	4.4731403e-06	0	0	4.3014516e-19
625.45212	0	0	-0.0022125975	3.537602e-06	0	0	1.9962502e-19
703.30814	0	0	-0.0019676632	2.7977288e-06	0	0	9.2643688e-20
790.85553	0	0	-0.0017498435	2.2125976e-06	0	0	4.2994883e-20
889.30064	0	0	-0.0015561366	1.7498444e-06	0	0	1.9953534e-20
1000	0	0	-0.0013838732	1.383874e-06	0	0	9.2602088e-21

0	0.001	0	-3.7944291	-9.8950223e-17	4.7514922	0	948.58264
0	0.002124478	0	-3.7890918	-9.8691529e-17	4.7406575	0	444.80663
0	0.0033889288	0	-3.7831051	-9.8407937e-17	4.7287763	0	277.86862
0	0.0048107758	0	-3.7763908	-9.8089257e-17	4.7155877	0	194.92528
0	0.0064096115	0	-3.7688634	-9.7732953e-17	4.7006578	0	145.62678
0	0.0082074671	0	-3.7604272	-9.7334882e-17	4.6840182	0	113.13746
0	0.010229116	0	-3.7509766	-9.689024e-17	4.6654536	0	90.251388
0	0.012502416	0	-3.7403942	-9.6394022e-17	4.6447026	0	73.35776
0	0.015058692	0	-3.7285507	-9.5840805e-17	4.6215504	0	60.462612
0	0.017933167	0	-3.7153033	-9.5224676e-17	4.5957668	0	50.355699
0	0.021165452	0	-3.700495	-9.4539265e-17	4.5670168	0	42.275922
0	0.024800085	0	-3.6839537	-9.3777749e-17	4.5351094	0	35.71194
0	0.02888715	0	-3.665491	-9.2932877e-17	4.4996303	0	30.306929
0	0.033482964	0	-3.6449023	-9.1997022e-17	4.46028	0	25.815111
0	0.038650857	0	-3.6219647	-9.0962256e-17	4.4167858	0	22.044959
0	0.044462038	0	-3.5964383	-8.9820427e-17	4.3686185	0	18.857254
0	0.050996583	0	-3.5680654	-8.856321e-17	4.3155484	0	16.15225
0	0.058344535	0	-3.53657	-8.7182099e-17	4.2572393	0	13.840034
0	0.066607146	0	-3.5016601	-8.5668749e-17	4.1930774	0	11.855677
0	0.07589827	0	-3.4630294	-8.401541e-17	4.1229055	0	10.153724
0	0.086345935	0	-3.4203562	-8.2215568e-17	4.0464389	0	8.6846439
0	0.098094103	0	-3.3733104	-8.0263922e-17	3.9630134	0	7.4138341
0	0.11130466	0	-3.3215584	-7.8156104e-17	3.8726212	0	6.3215727
0	0.12615964	0	-3.2647582	-7.5886924e-17	3.7753733	0	5.3755041
0	0.14286374	0	-3.2025751	-7.3452507e-17	3.6706201	0	4.5551223
0	0.16164713	0	-3.1346934	-7.0852448e-17	3.5582823	0	3.8497613
0	0.18276864	0	-3.0608087	-6.8097394e-17	3.4390072	0	3.2409341
0	0.20651932	0	-2.980649	-6.5205484e-17	3.3122815	0	2.7147871
0	0.23322643	0	-2.894	-6.2197471e-17	3.178175	0	2.2672274
0	0.26325798	0	-2.8006701	-5.9072821e-17	3.0392126	0	1.8873606
0	0.29702781	0	-2.7004999	-5.5811962e-17	2.8952459	0	1.5601795
0	0.33500124	0	-2.593433	-5.2401416e-17	2.7458203	0	1.2795936
0	0.37770152	0	-2.4795165	-4.8887224e-17	2.5921985	0	1.0428614
0	0.42571705	0	-2.3588909	-4.5418894e-17	2.4346349	0	0.84275559
0	0.47970945	0	-2.2318727	-4.2139036e-17	2.2728574	0	0.67605825
0	0.54042272	0	-2.098898	-3.9094085e-17	2.1120067	0	0.55344713
0	0.60869346	0	-1.9600832	-3.5983321e-17	1.9587878	0	0.45168225
0	0.6854624	0	-1.8154856	-3.2494874e-17	1.8121479	0	0.36271507
0	0.77178738	0	-1.6654684	-2.8458061e-17	1.6616407	0	0.2551647
0	0.86885792	0	-1.5132094	-2.4014917e-17	1.4734307	0	0.1515305
0	0.97801162	0	-1.3641072	-1.9467978e-17	1.2599731	0	0.076689446
0	1.1007525	0	-1.2233225	-1.506352e-17	1.0389514	0	0.031741654
0	1.238772	0	-1.0941909	-1.1056566e-17	0.84168957	0	0.016201923
0	1.3939719	0	-0.97700899	-7.7289418e-18	0.67679149	0	0.0079147474
0	1.5684907	0	-0.87134779	-5.2126882e-18	0.54136644	0	0.0038245898
0	1.7647333	0	-0.77647266	-3.4877529e-18	0.43158932	0	0.0017754043
0	1.9854037	0	-0.69153493	-2.3436708e-18	0.34319381	0	0.00080859654
0	2.2335428	0	-0.61565089	-1.5791035e-18	0.27247125	0	0.00038577704
0	2.5125697	0	-0.54793621	-1.0567173e-18	0.21612484	0	0.00017339267
0	2.8263293	0	-0.48757208	-6.9641316e-19	0.17124046	0	6.4666415e-05
0	3.1791452	0	-0.43381081	-4.5207321e-19	0.13558648	0	2.5565165e-05
0	3.5758788	0	-0.38595053	-2.8987751e-19	0.10734213	0	2.3493648e-05
0	4.021997	0	-0.34333734	-1.847613e-19	0.084996829	0	1.0891537e-05
0	4.5236471	0	-0.30540075	-1.1734975e-19	0.06728222	0	5.0497738e-06
0	5.0877416	0	-0.27163675	-7.4324172e-20	0.053246884	0	2.3414867e-06
0	5.7220535	0	-0.24159274	-4.6966792e-20	0.042131661	0	1.0857853e-06
0	6.4353232	0	-0.21486317	-2.9624503e-20	0.033332066	0	5.0353032e-07
0	7.2373793	0	-0.1910853	-1.8657746e-20	0.026367545	0	2.3352555e-07
0	8.1392738	0	-0.16993515	-1.1736387e-20	0.020856538	0	1.0830996e-07
0	9.1534343	0	-0.15112364	-7.375187e-21	0.016496375	0	5.0237257e-08
0	10.293835	0	-0.13439308	-4.6307686e-21	0.013047138	0	2.3302656e-08
0	11.576191	0	-0.11951383	-2.9056156e-21	0.010318764	0	1.0809495e-08
0	13.018172	0	-0.10628142	-1.8221338e-21	0.0081607415	0	5.0144623e-09
0	14.639648	0	-0.094513821	-1.1421469e-21	0.0064539289	0	2.3262742e-09
0	16.462963	0	-0.084049024	-7.156461e-22	0.0051040346	0	1.0792291e-09
0	18.513239	0	-0.074742887	-4.4826833e-22	0.0040364506	0	5.0070421e-10
0	20.81873	0	-0.066467177	-2.8071458e-22	0.003192152	0	2.3230708e-10
0	23.411204	0	-0.059107826	-1.7575134e-22	0.0025244475	0	1.0778443e-10
0	26.326383	0	-0.052563378	-1.1001584e-22	0.001996405	0	5.0010468e-11
0	29.604439	0	-0.046743603	-6.8857008e-23	0.0015788142	0	2.3204704e-11
0	33.29054	0	-0.041568252	-4.3091184e-23	0.0012485725	0	1.0767141e-11
0	37.43548	0	-0.036965964	-2.6964056e-23	0.00098740921	0	4.9961233e-12
0	42.096373	0	-0.032873278	-1.6871206e-23	0.0007808747	0	2.3183203e-12
0	47.337445	0	-0.029233758	-1.0555465e-23	0.00061754187	0	1.0757727e-12
0	53.230915	0	-0.025997221	-6.6036521e-24	0.00048837383	0	4.9919899e-13
0	59.857993	0	-0.023119042	-4.1311487e-24	0.00038622402	0	2.3165003e-13
0	67.309996	0	-0.020559535	-2.5842877e-24	0.00030544083	0	1.074969e-13
0	75.689609	0	-0.018283414	-1.6165801e-24	0.00024155486	0	4.9884305e-14
0	85.1123	0	-0.016259297	-1.0112123e-24	0.00019103164	0	2.3149193e-14
0	95.707908	0	-0.014459281	-6.3252574e-25	0.00015107604	0	1.0742647e-14
0	107.62244	0	-0.012858552	-3.9564574e-25	0.00011947764	0	4.9852842e-15
0	121.02006	0	-0.011435042	-2.4747342e-25	9.448837e-05	0	2.3135098e-15
0	136.0854	0	-0.010169131	-1.5479095e-25	7.4725822e-05	0	1.0736316e-15
0	153.02603	0	-0.0090433682	-9.681851e-26	5.9096752e-05	0	4.9824332e-16
0	172.07541	0	-0.0080422369	-6.0557487e-26	4.6736592e-05	0	2.3122227e-16
0	193.49601	0	-0.0071519384	-3.7876909e-26	3.6961616e-05	0	1.0730492e-16
0	217.583	0	-0.0063602018	-2.369076e-26	2.9231109e-05	0	4.9797918e-17
0	244.6683	0	-0.0056561149	-1.4817728e-26	2.3117455e-05	0	2.3110228e-17
0	275.12512	0	-0.005029974	-9.2679312e-27	1.828248e-05	0	1.072503e-17
0	309.37314	0	-0.0044731495	-5.7967264e-27	1.4458742e-05	0	4.9773009e-18
0	347.88429	0	-0.0039779676	-3.6256164e-27	1.1434737e-05	0	2.3098834e-18
0	391.18923	0	-0.0035376038	-2.2676716e-27	9.0431995e-06	0	1.0719828e-18
0	439.88468	0	-0.0031459895	-1.4183318e-27	7.151848e-06	0	4.9749183e-19
0	494.64164	0	-0.0027977277	-8.8710511e-28	5.6560683e-06	0	2.3087889e-19
0	556.21464	0	-0.0024880191	-5.5484533e-28	4.4731267e-06	0	1.0714772e-19
0	625.45212	0	-0.0022125957	-3.4703119e-28	3.5375935e-06	0	4.9725924e-20
0	703.30814	0	-0.001967662	-2.1705253e-28	2.7977235e-06	0	2.3077303e-20
0	790.85553	0	-0.0017498426	-1.3575663e-28	2.2125943e-06	0	1.0709918e-20
0	889.30064	0	-0.001556136	-8.4909658e-29	1.7498423e-06	0	4.9704365e-21
0	1000	0	-0.0013838728	-5.3107158e-29	1.3838727e-06	0	2.3067119e-21

0	0	0.001	-3.7928313	0	0	6.3439602	501.55707
0	0	0.002124478	-3.78571	0	0	6.3218477	234.57819
0	0	0.0033889288	-3.7777318	0	0	6.297375	146.04864
0	0	0.0048107758	-3.7687974	0	0	6.2700552	102.08663
0	0	0.0064096115	-3.758797	0	0	6.2395656	75.962748
0	0	0.0082074671	-3.7476097	0	0	6.205605	58.748397
0	0	0.010229116	-3.7351024	0	0	6.1678252	46.630542
0	0	0.012502416	-3.7211289	0	0	6.1258282	37.68998
0	0	0.015058692	-3.7055293	0	0	6.0792223	30.872931
0	0	0.017933167	-3.6881292	0	0	6.027594	25.534707
0	0	0.021165452	-3.6687389	0	0	5.9704356	21.273889
0	0	0.024800085	-3.6471535	0	0	5.9073853	17.819139
0	0	0.02888715	-3.6231522	0	0	5.8378735	14.980018
0	0	0.033482964	-3.5964988	0	0	5.7614495	12.628928
0	0	0.038650857	-3.5669415	0	0	5.6777047	10.662046
0	0	0.044462038	-3.534215	0	0	5.5860299	9.0056656
0	0	0.050996583	-3.498041	0	0	5.4861373	7.6095559
0	0	0.058344535	-3.45813	0	0	5.3776915	6.4233205
0	0	0.066607146	-3.4141848	0	0	5.2601727	5.4126629
0	0	0.07589827	-3.365905	0	0	5.1334601	4.5543971
0	0	0.086345935	-3.3129887	0	0	4.9973968	3.8205846
0	0	0.098094103	-3.2551416	0	0	4.8516571	3.1927326
0	0	0.11130466	-3.1920826	0	0	4.6967262	2.6647328
0	0	0.12615964	-3.1235396	0	0	4.5333533	2.2151642
0	0	0.14286374	-3.0492647	0	0	4.36164	1.8327715
0	0	0.16164713	-2.9690478	0	0	4.1817867	1.5072339
0	0	0.18276864	-2.8827315	0	0	3.993855	1.2296441
0	0	0.20651932	-2.7902301	0	0	3.7980722	0.99333724
0	0	0.23322643	-2.6915395	0	0	3.5960407	0.80605648
0	0	0.26325798	-2.5866294	0	0	3.3949287	0.66226654
0	0	0.29702781	-2.4754088	0	0	3.1964182	0.54466842
0	0	0.33500124	-2.3578239	0	0	3.0005048	0.4389454
0	0	0.37770152	-2.2341552	0	0	2.7929769	0.31754056
0	0	0.42571705	-2.1054865	0	0	2.5681173	0.21408408
0	0	0.47970945	-1.9733763	0	0	2.3279285	0.12881674
0	0	0.54042272	-1.8397387	0	0	2.0786854	0.070275935
0	0	0.60869346	-1.7065296	0	0	1.8289036	0.03023472
0	0	0.6854624	-1.5757695	0	0	1.5836748	0.0061275598
0	0	0.77178738	-1.4494695	0	0	1.3504987	0.002278913
0	0	0.86885792	-1.3288552	0	0	1.1432956	0.0088364536
0	0	0.97801162	-1.2142858	0	0	0.96406391	0.014234744
0	0	1.1007525	-1.1057501	0	0	0.81157284	0.014673995
0	0	1.238772	-1.0033209	0	0	0.67802445	0.0089596895
0	0	1.3939719	-0.90756383	0	0	0.56102439	0.0044649636
0	0	1.5684907	-0.81883323	0	0	0.46049408	0.0017523282
0	0	1.7647333	-0.73719576	0	0	0.37571248	0.0006890311
0	0	1.9854037	-0.66246022	0	0	0.30523386	0.00032627274
0	0	2.2335428	-0.59430849	0	0	0.24710199	0.00021426117
0	0	2.5125697	-0.53236341	0	0	0.19941192	0.0001220831
0	0	2.8263293	-0.47625368	0	0	0.16032143	3.6520791e-05
0	0	3.1791452	-0.4256175	0	0	0.12843803	0
0	0	3.5758788	-0.38007355	0	0	0.10261296	2.9013848e-05
0	0	4.021997	-0.33915275	0	0	0.081980209	1.3496166e-05
0	0	4.5236471	-0.30242786	0	0	0.065365092	6.2745083e-06
0	0	5.0877416	-0.26952854	0	0	0.052032097	2.9157844e-06
0	0	5.7220535	-0.24009991	0	0	0.041363737	1.3544881e-06
0	0	6.4353232	-0.21380736	0	0	0.032847555	6.2903008e-07
0	0	7.2373793	-0.19033931	0	0	0.026062326	2.920594e-07
0	0	8.1392738	-0.1694085	0	0	0.020664509	1.3558035e-07
0	0	9.1534343	-0.15075209	0	0	0.016375685	6.2931217e-08
0	0	10.293835	-0.13413108	0	0	0.01297135	2.9207453e-08
0	0	11.576191	-0.11932917	0	0	0.010271205	1.3554727e-08
0	0	13.018172	-0.10615132	0	0	0.0081309145	6.290226e-09
0	0	14.639648	-0.094422187	0	0	0.0064352315	2.9189522e-09
0	0	16.462963	-0.0839845	0	0	0.0050923185	1.3544975e-09
0	0	18.513239	-0.074697462	0	0	0.0040291115	6.2852689e-10
0	0	20.81873	-0.066435203	0	0	0.003187556	2.9165332e-10
0	0	23.411204	-0.059085323	0	0	0.0025215698	1.3533481e-10
0	0	26.326383	-0.052547543	0	0	0.0019946037	6.2799068e-11
0	0	29.604439	-0.046732461	0	0	0.0015776867	2.9140637e-11
0	0	33.29054	-0.041560413	0	0	0.001247867	1.3522212e-11
0	0	37.43548	-0.036960449	0	0	0.00098696769	6.2747975e-12
0	0	42.096373	-0.032869398	0	0	0.00078059844	2.9117577e-12
0	0	47.337445	-0.029231029	0	0	0.00061736903	1.3511836e-12
0	0	53.230915	-0.025995302	0	0	0.0004882657	6.2701377e-13
0	0	59.857993	-0.023117691	0	0	0.00038615638	2.909667e-13
0	0	67.309996	-0.020558585	0	0	0.00030539851	1.3502458e-13
0	0	75.689609	-0.018282746	0	0	0.00024152839	6.2659301e-14
0	0	85.1123	-0.016258827	0	0	0.00019101508	2.9077777e-14
0	0	95.707908	-0.014458951	0	0	0.00015106569	1.3493966e-14
0	0	107.62244	-0.012858319	0	0	0.00011947116	6.2621081e-15
0	0	121.02006	-0.011434879	0	0	9.4484318e-05	2.9060551e-15
0	0	136.0854	-0.010169016	0	0	7.4723287e-05	1.3486189e-15
0	0	153.02603	-0.0090432873	0	0	5.9095166e-05	6.2585913e-16
0	0	172.07541	-0.0080421801	0	0	4.6735601e-05	2.904462e-16
0	0	193.49601	-0.0071518984	0	0	3.6960996e-05	1.347896e-16
0	0	217.583	-0.0063601736	0	0	2.9230721e-05	6.2553054e-17
0	0	244.6683	-0.0056560951	0	0	2.3117212e-05	2.9029663e-17
0	0	275.12512	-0.00502996	0	0	1.8282328e-05	1.3472141e-17
0	0	309.37314	-0.0044731397	0	0	1.4458647e-05	6.2521919e-18
0	0	347.88429	-0.0039779607	0	0	1.1434677e-05	2.9015411e-18
0	0	391.18923	-0.003537599	0	0	9.0431624e-06	1.3465627e-18
0	0	439.88468	-0.0031459861	0	0	7.1518248e-06	6.249206e-19
0	0	494.64164	-0.0027977253	0	0	5.6560538e-06	2.9001691e-19
0	0	556.21464	-0.0024880174	0	0	4.4731177e-06	1.3459293e-19
0	0	625.45212	-0.0022125945	0	0	3.5375878e-06	6.2462918e-20
0	0	703.30814	-0.0019676612	0	0	2.79772e-06	2.8988395e-20
0	0	790.85553	-0.0017498421	0	0	2.2125921e-06	1.345319e-20
0	0	889.30064	-0.0015561356	0	0	1.7498409e-06	6.2435594e-21
0	0	1000	-0.0013838725	0	0	1.3838718e-06	2.897555e-21

0.0007	0.0007	0	-3.7948996	2.4178636	3.6991805	0	1116.1494
0.0014871346	0.0014871346	0	-3.790089	2.4132455	3.691602	0	523.66101
0.0023722501	0.0023722501	0	-3.7846916	2.4081544	3.6832649	0	327.30395
0.0033675431	0.0033675431	0	-3.7786362	2.4025678	3.6740286	0	229.74768
0.0044867281	0.0044867281	0	-3.7718448	2.3961725	3.6635494	0	171.75967
0.005745227	0.005745227	0	-3.7642305	2.3890563	3.6518674	0	133.54312
0.0071603813	0.0071603813	0	-3.7556965	2.3811171	3.6388238	0	106.62112
0.0087516912	0.0087516912	0	-3.7461356	2.37223	3.6242349	0	86.747621
0.010541084	0.010541084	0	-3.7354291	2.3622955	3.6079366	0	71.575252
0.012553217	0.012553217	0	-3.7234456	2.351226	3.5897712	0	59.682851
0.014815816	0.014815816	0	-3.7100406	2.3388491	3.5694899	0	50.173485
0.01736006	0.01736006	0	-3.6950545	2.325106	3.5469516	0	42.446746
0.020221005	0.020221005	0	-3.6783128	2.3097885	3.5218602	0	36.08302
0.023438075	0.023438075	0	-3.6596244	2.2927498	3.4939754	0	30.791424
0.0270556	0.0270556	0	-3.638781	2.2738959	3.4631042	0	26.348743
0.031123426	0.031123426	0	-3.6155563	2.2529391	3.4288557	0	22.590141
0.035697608	0.035697608	0	-3.5897068	2.229775	3.3910188	0	19.398242
0.040841175	0.040841175	0	-3.5609692	2.2042788	3.3493602	0	16.667951
0.046625002	0.046625002	0	-3.5290629	2.1760927	3.3034137	0	14.322215
0.053128789	0.053128789	0	-3.4936914	2.1451267	3.2529828	0	12.307292
0.060442154	0.060442154	0	-3.4545398	2.111276	3.1978595	0	10.565833
0.068665872	0.068665872	0	-3.4112816	2.0741116	3.1375202	0	9.0570923
0.077913262	0.077913262	0	-3.3635821	2.0335927	3.0718421	0	7.7560524
0.088311749	0.088311749	0	-3.311093	1.9898967	3.0009418	0	6.6274532
0.10000462	0.10000462	0	-3.2534652	1.9425473	2.9243053	0	5.6465388
0.11315299	0.11315299	0	-3.1903611	1.8913152	2.8416921	0	4.7983731
0.12793805	0.12793805	0	-3.1214501	1.8364912	2.7533986	0	4.0635799
0.14456352	0.14456352	0	-3.0464256	1.7775886	2.6589714	0	3.425901
0.1632585	0.1632585	0	-2.965032	1.714421	2.5583002	0	2.8798115
0.18428059	0.18428059	0	-2.877023	1.6490528	2.4536132	0	2.4157546
0.20791947	0.20791947	0	-2.7821511	1.5813713	2.3450528	0	2.0148238
0.23450087	0.23450087	0	-2.6802503	1.5107041	2.2322445	0	1.6683257
0.26439106	0.26439106	0	-2.571279	1.4361135	2.1145114	0	1.3684684
0.29800193	0.29800193	0	-2.4553797	1.3568731	1.9912424	0	1.1125151
0.33579661	0.33579661	0	-2.3329114	1.2727019	1.8623072	0	0.89681577
0.3782959	0.3782959	0	-2.2043471	1.1890589	1.7334705	0	0.74204692
0.42608542	0.42608542	0	-2.0694492	1.1150742	1.6147571	0	0.61641288
0.47982368	0.47982368	0	-1.9276451	1.0485758	1.5049788	0	0.50664978
0.54025117	0.54025117	0	-1.7785513	0.98242848	1.397584	0	0.38546621
0.60820055	0.60820055	0	-1.6242276	0.8931156	1.2655208	0	0.26388428
0.68460813	0.68460813	0	-1.4692004	0.78858265	1.111271	0	0.16982187
0.77052678	0.77052678	0	-1.3179887	0.68036529	0.94392516	0	0.1011946
0.86714041	0.86714041	0	-1.1745025	0.57754545	0.77611419	0	0.055560332
0.9757803	0.9757803	0	-1.0415947	0.48153669	0.62033717	0	0.026000448
1.0979435	1.0979435	0	-0.92133605	0.39227236	0.48382667	0	0.0086050811
1.2353133	1.2353133	0	-0.8148662	0.31292276	0.37224585	0	0.0032595559
1.3897826	1.3897826	0	-0.7212692	0.24860129	0.28725211	0	0.0016494145
1.5634799	1.5634799	0	-0.63887661	0.19734875	0.22269317	0	0.0010737926
1.7587988	1.7587988	0	-0.56612783	0.15689403	0.17345866	0	0.00067412889
1.9784305	1.9784305	0	-0.50177944	0.12455808	0.1352204	0	0.00030391701
2.2254016	2.2254016	0	-0.44489428	0.098722227	0.10547034	0	0.00012306153
2.5031151	2.5031151	0	-0.39461411	0.078158547	0.082354796	0	2.7715221e-05
2.8153979	2.8153979	0	-0.35017237	0.061797046	0.064389096	0	1.2805507e-05
3.166553	3.166553	0	-0.31086375	0.048853416	0.050457558	0	5.9212129e-06
3.5614191	3.5614191	0	-0.27605997	0.038618578	0.039612938	0	2.7396619e-06
4.0054374	4.0054374	0	-0.24521906	0.030527686	0.031144912	0	1.2682506e-06
4.5047263	4.5047263	0	-0.21787121	0.024132373	0.024515952	0	5.8734656e-07
5.0661655	5.0661655	0	-0.19360741	0.019077475	0.01931609	0	2.7210234e-07
5.6974917	5.6974917	0	-0.17207024	0.015082002	0.015230565	0	1.2609336e-07
6.407404	6.407404	0	-0.15294641	0.011923803	0.012016366	0	5.844574e-08
7.2056848	7.2056848	0	-0.13596053	0.009427305	0.0094850107	0	2.7095483e-08
8.103334	8.103334	0	-0.12087006	0.0074537691	0.0074897627	0	1.2563487e-08
9.1127207	9.1127207	0	-0.10746097	0.0058935689	0.0059160294	0	5.8261447e-09
10.247754	10.247754	0	-0.095544099	0.0046600786	0.0046740993	0	2.7020952e-09
11.524074	11.524074	0	-0.084952089	0.0036848433	0.0036935983	0	1.253316e-09
12.959267	12.959267	0	-0.075536718	0.0029137636	0.0029192318	0	5.8137283e-10
14.573111	14.573111	0	-0.067166608	0.0023040814	0.0023074976	0	2.6969804e-10
16.387843	16.387843	0	-0.059725239	0.0018220004	0.0018241349	0	1.2511961e-10
18.428468	18.428468	0	-0.053109212	0.0014408051	0.0014421391	0	5.8048878e-11
20.723107	20.723107	0	-0.047226737	0.0011393767	0.0011402104	0	2.6932715e-11
23.303378	23.303378	0	-0.041996302	0.00090101912	0.00090154028	0	1.2496308e-11
26.204836	26.204836	0	-0.037345502	0.00071253245	0.00071285824	0	5.7982431e-12
29.467461	29.467461	0	-0.033210006	0.00056348027	0.00056368396	0	2.6904346e-12
33.136212	33.136212	0	-0.029532652	0.00044561086	0.00044573821	0	1.2484129e-12
37.261641	37.261641	0	-0.026262634	0.00035239959	0.00035247922	0	5.7929861e-13
41.900595	41.900595	0	-0.023354796	0.00027868736	0.00027873715	0	2.6881537e-13
47.116997	47.116997	0	-0.020768996	0.00022039468	0.00022042581	0	1.2474182e-13
52.982726	52.982726	0	-0.01846955	0.00017429569	0.00017431515	0	5.7886282e-14
59.57861	59.57861	0	-0.016424731	0.00013783949	0.00013785167	0	2.6862355e-14
66.995535	66.995535	0	-0.014606334	0.00010900891	0.00010901652	0	1.2465703e-14
75.335705	75.335705	0	-0.012989277	8.6208775e-05	8.6213537e-05	0	5.7848647e-15
84.714043	84.714043	0	-0.011551263	6.8177639e-05	6.8180617e-05	0	2.6845587e-15
95.259777	95.259777	0	-0.010272462	5.3917944e-05	5.3919806e-05	0	1.2458205e-15
107.11822	107.11822	0	-0.0091352435	4.2640812e-05	4.2641976e-05	0	5.7815009e-16
120.45278	120.45278	0	-0.0081239298	3.3722385e-05	3.3723114e-05	0	2.6830448e-16
135.44721	135.44721	0	-0.0072245795	2.6669306e-05	2.6669761e-05	0	1.2451373e-16
152.3081	152.3081	0	-0.0064247956	2.1091412e-05	2.1091697e-05	0	5.7784091e-17
171.26781	171.26781	0	-0.0057135541	1.6680155e-05	1.6680334e-05	0	2.6816422e-17
192.58758	192.58758	0	-0.0050810517	1.3191523e-05	1.3191634e-05	0	1.2444992e-17
216.5612	216.5612	0	-0.0045185709	1.0432542e-05	1.0432612e-05	0	5.7755047e-18
243.519	243.519	0	-0.0040183593	8.2506026e-06	8.2506462e-06	0	2.6803131e-18
273.83246	273.83246	0	-0.0035735232	6.5250146e-06	6.5250418e-06	0	1.2438941e-18
307.91927	307.91927	0	-0.0031779319	5.160331e-06	5.160348e-06	0	5.7727326e-19
346.24915	346.24915	0	-0.0028261336	4.0810682e-06	4.0810789e-06	0	2.6790453e-19
389.35025	389.35025	0	-0.0025132801	3.2275305e-06	3.2275371e-06	0	1.2433111e-19
437.81648	437.81648	0	-0.0022350601	2.5525075e-06	2.5525117e-06	0	5.7700438e-20
492.3157	492.3157	0	-0.0019876394	2.0186632e-06	2.0186658e-06	0	2.6777813e-20
553.59887	553.59887	0	-0.0017676084	1.5964702e-06	1.5964719e-06	0	1.2427507e-20
622.51045	622.51045	0	-0.0015719351	1.2625771e-06	1.2625782e-06	0	5.7673556e-21
700	700	0	-0.0013979228	9.9851622e-07	9.9851686e-07	0	2.6765992e-21

0	0.0007	0.0007	-3.793606	-5.693392e-17	2.8754273	5.084632	625.14612
0	0.0014871346	0.0014871346	-3.7873491	-5.6753024e-17	2.8680675	5.068968	292.65475
0	0.0023722501	0.0023722501	-3.7803353	-5.655508e-17	2.8597311	5.0518138	182.47289
0	0.0033675431	0.0033675431	-3.7724751	-5.6332933e-17	2.8505107	5.0326468	127.7361
0	0.0044867281	0.0044867281	-3.7636703	-5.6084917e-17	2.840128	5.0111715	95.2064
0	0.005745227	0.005745227	-3.7538118	-5.5808302e-17	2.8285509	4.9872412	73.770199
0	0.0071603813	0.0071603813	-3.7427793	-5.5499908e-17	2.8156481	4.960577	58.675444
0	0.0087516912	0.0087516912	-3.73044	-5.5156459e-17	2.8012597	4.9308785	47.535652
0	0.010541084	0.010541084	-3.7166482	-5.4774454e-17	2.7852336	4.8978451	39.037023
0	0.012553217	0.012553217	-3.7012437	-5.4350107e-17	2.7674273	4.8611728	32.379335
0	0.014815816	0.014815816	-3.6840519	-5.3879396e-17	2.747616	4.8204663	27.060883
0	0.01736006	0.01736006	-3.6648822	-5.335809e-17	2.7256867	4.7754355	22.744906
0	0.020221005	0.020221005	-3.6435282	-5.2781785e-17	2.701379	4.7256381	19.194506
0	0.023438075	0.023438075	-3.6197671	-5.2145953e-17	2.6744942	4.6706915	16.249249
0	0.0270556	0.0270556	-3.5933591	-5.1445926e-17	2.6448905	4.6102658	13.781834
0	0.031123426	0.031123426	-3.5640486	-5.0677043e-17	2.6122429	4.5438526	11.699389
0	0.035697608	0.035697608	-3.5315648	-4.9834791e-17	2.5764064	4.471136	9.9391117
0	0.040841175	0.040841175	-3.4956216	-4.8914926e-17	2.5372225	4.3918053	8.4391048
0	0.046625002	0.046625002	-3.4559212	-4.7913662e-17	2.4943241	4.3053694	7.1561502
0	0.053128789	0.053128789	-3.4121571	-4.682769e-17	2.4476289	4.2116479	6.0633271
0	0.060442154	0.060442154	-3.3640139	-4.5653791e-17	2.397083	4.1104854	5.1251129
0	0.068665872	0.068665872	-3.3111754	-4.4389586e-17	2.342347	4.0014828	4.3184578
0	0.077913262	0.077913262	-3.2533313	-4.3034189e-17	2.2834201	3.8846592	3.6313384
0	0.088311749	0.088311749	-3.1901753	-4.1589422e-17	2.2204444	3.7603366	3.0417641
0	0.10000462	0.10000462	-3.121419	-4.005946e-17	2.1530202	3.6284223	2.5354503
0	0.11315299	0.11315299	-3.0468059	-3.8450093e-17	2.0811074	3.4892517	2.1070566
0	0.12793805	0.12793805	-2.9661017	-3.6762652e-17	2.0055795	3.3437287	1.7433187
0	0.14456352	0.14456352	-2.8791107	-3.4996605e-17	1.9265404	3.1918123	1.4327717
0	0.1632585	0.1632585	-2.7857015	-3.3154389e-17	1.8442157	3.0337252	1.1712133
0	0.18428059	0.18428059	-2.6857952	-3.1256142e-17	1.7593525	2.8713621	0.95260043
0	0.20791947	0.20791947	-2.5793746	-2.9341548e-17	1.6709118	2.706111	0.76765875
0	0.23450087	0.23450087	-2.4665384	-2.7451359e-17	1.5777092	2.539229	0.61417396
0	0.26439106	0.26439106	-2.3474586	-2.5593094e-17	1.482682	2.3738022	0.49689724
0	0.29800193	0.29800193	-2.2222589	-2.3695602e-17	1.3900819	2.2088873	0.39811129
0	0.33579661	0.33579661	-2.0911553	-2.1690761e-17	1.3022766	2.0418262	0.31352387
0	0.3782959	0.3782959	-1.9546824	-1.9539794e-17	1.2136252	1.8640508	0.20887178
0	0.42608542	0.42608542	-1.8147893	-1.7278645e-17	1.1116908	1.6660992	0.11879797
0	0.47982368	0.47982368	-1.6743167	-1.4970579e-17	0.99854767	1.4548727	0.05303778
0	0.54025117	0.54025117	-1.5363861	-1.2678013e-17	0.87937645	1.2399207	0.018963289
0	0.60820055	0.60820055	-1.4034058	-1.0467593e-17	0.76644251	1.0390214	0.0085020063
0	0.68460813	0.68460813	-1.2767283	-8.4025118e-18	0.66165566	0.85954893	0.0048944292
0	0.77052678	0.77052678	-1.1572824	-6.5290436e-18	0.56512887	0.70461043	0.0035394849
0	0.86714041	0.86714041	-1.0456641	-4.8919385e-18	0.47663911	0.57371697	0.0018316169
0	0.9757803	0.9757803	-0.9422684	-3.5471617e-18	0.39743814	0.46440704	0.00087037489
0	1.0979435	1.0979435	-0.84717972	-2.5136611e-18	0.32848348	0.37424288	0.0004862926
0	1.2353133	1.2353133	-0.76020738	-1.7720804e-18	0.26967219	0.30054325	0.00025411333
0	1.3897826	1.3897826	-0.68103084	-1.2511996e-18	0.22003556	0.2405745	0.00012583779
0	1.5634799	1.5634799	-0.60925053	-8.8090695e-19	0.17857944	0.1920794	6.434743e-05
0	1.7587988	1.7587988	-0.54440392	-6.123215e-19	0.14425012	0.15305363	2.2036269e-05
0	1.9784305	1.9784305	-0.48600349	-4.168272e-19	0.11601699	0.12173716	0
0	2.2254016	2.2254016	-0.43355604	-2.7842284e-19	0.092967212	0.096669792	0
0	2.5031151	2.5031151	-0.38656877	-1.8397454e-19	0.07428401	0.07665805	2.2527862e-05
0	2.8153979	2.8153979	-0.34450488	-1.2068222e-19	0.059337722	0.06084577	1.0474791e-05
0	3.166553	3.166553	-0.30687268	-7.8398418e-20	0.047296682	0.048251895	4.8679179e-06
0	3.5614191	3.5614191	-0.2732502	-5.0550581e-20	0.037635349	0.038238999	2.2613317e-06
0	4.0054374	4.0054374	-0.24324137	-3.2404965e-20	0.029907786	0.030288554	1.0501448e-06
0	4.5047263	4.5047263	-0.21647942	-2.0677357e-20	0.023742105	0.023981921	4.8756282e-07
0	5.0661655	5.0661655	-0.19262808	-1.3145626e-20	0.018832064	0.018982917	2.2632584e-07
0	5.6974917	5.6974917	-0.17138121	-8.3326554e-21	0.014927829	0.015022626	1.0504613e-07
0	6.407404	6.407404	-0.15246166	-5.2692254e-21	0.011827024	0.011886545	4.8751069e-08
0	7.2056848	7.2056848	-0.13561953	-3.325566e-21	0.0093665922	0.0094039394	2.2623433e-08
0	8.103334	8.103334	-0.12063019	-2.0955352e-21	0.0074157023	0.0074391229	1.0498144e-08
0	9.1127207	9.1127207	-0.10729225	-1.3187416e-21	0.0058697115	0.0058843918	4.8713941e-09
0	10.247754	10.247754	-0.095425422	-8.2901188e-22	0.004645132	0.0046543302	2.2604041e-09
0	11.524074	11.524074	-0.084868617	-5.2069115e-22	0.003675482	0.0036812436	1.0488538e-09
0	12.959267	12.959267	-0.075478009	-3.2680223e-22	0.0029079019	0.0029115099	4.8667914e-10
0	14.573111	14.573111	-0.067125316	-2.0498876e-22	0.0023004118	0.0023026707	2.2582474e-10
0	16.387843	16.387843	-0.059696197	-1.2851694e-22	0.0018197034	0.0018211174	1.0478588e-10
0	18.428468	18.428468	-0.053088786	-8.054027e-23	0.0014393676	0.0014402526	4.8622513e-11
0	20.723107	20.723107	-0.047212372	-5.0456683e-23	0.0011384771	0.0011390309	2.2561919e-11
0	23.303378	23.303378	-0.041986199	-3.1601121e-23	0.00090045623	0.00090080278	1.0469333e-11
0	26.204836	26.204836	-0.037338396	-1.9787244e-23	0.00071218027	0.0007123971	4.8581004e-12
0	29.467461	29.467461	-0.033205009	-1.2387523e-23	0.00056325994	0.0005633956	2.2543348e-12
0	33.136212	33.136212	-0.029529137	-7.7537932e-24	0.00044547302	0.00044555789	1.0461036e-12
0	37.261641	37.261641	-0.026260162	-4.8527335e-24	0.00035231336	0.00035236645	4.8543955e-13
0	41.900595	41.900595	-0.023353058	-3.0367635e-24	0.00027863342	0.00027866663	2.2526804e-13
0	47.116997	47.116997	-0.020767774	-1.9001853e-24	0.00022036093	0.00022038171	1.0453644e-13
0	52.982726	52.982726	-0.01846869	-1.1889078e-24	0.00017427458	0.00017428757	4.8510895e-14
0	59.57861	59.57861	-0.016424127	-7.4382917e-25	0.00013782629	0.00013783442	2.2511999e-14
0	66.995535	66.995535	-0.014605908	-4.6534573e-25	0.00010900065	0.00010900574	1.0447004e-14
0	75.335705	75.335705	-0.012988978	-2.9111167e-25	8.620361e-05	8.6206791e-05	4.8481066e-15
0	84.714043	84.714043	-0.011551052	-1.8210759e-25	6.8174408e-05	6.8176398e-05	2.2498574e-15
0	95.259777	95.259777	-0.010272314	-1.1391574e-25	5.3915923e-05	5.3917167e-05	1.0440951e-15
0	107.11822	107.11822	-0.0091351395	-7.1257212e-26	4.2639548e-05	4.2640326e-05	4.845372e-16
0	120.45278	120.45278	-0.0081238566	-4.4572315e-26	3.3721595e-05	3.3722081e-05	2.2486197e-16
0	135.44721	135.44721	-0.007224528	-2.78801e-26	2.6668811e-05	2.6669116e-05	1.0435339e-16
0	152.3081	152.3081	-0.0064247594	-1.7438837e-26	2.1091103e-05	2.1091294e-05	4.8428227e-17
0	171.26781	171.26781	-0.0057135286	-1.0907765e-26	1.6679962e-05	1.6680081e-05	2.2474595e-17
0	192.58758	192.58758	-0.0050810338	-6.8226014e-27	1.3191402e-05	1.3191476e-05	1.0430047e-17
0	216.5612	216.5612	-0.0045185583	-4.2673756e-27	1.0432466e-05	1.0432513e-05	4.8404093e-18
0	243.519	243.519	-0.0040183505	-2.6691255e-27	8.2505552e-06	8.2505844e-06	2.2463526e-18
0	273.83246	273.83246	-0.003573517	-1.6694556e-27	6.524985e-06	6.5250032e-06	1.0425005e-18
0	307.91927	307.91927	-0.0031779275	-1.0441884e-27	5.1603125e-06	5.1603239e-06	4.8380968e-19
0	346.24915	346.24915	-0.0028261305	-6.5310255e-28	4.0810566e-06	4.0810638e-06	2.2452946e-19
0	389.35025	389.35025	-0.002513278	-4.0849114e-28	3.2275232e-06	3.2275277e-06	1.0420135e-19
0	437.81648	437.81648	-0.0022350586	-2.5549528e-28	2.552503e-06	2.5525058e-06	4.8358478e-20
0	492.3157	492.3157	-0.0019876383	-1.5980203e-28	2.0186603e-06	2.0186621e-06	2.2442326e-20
0	553.59887	553.59887	-0.0017676077	-9.9949591e-29	1.5964685e-06	1.5964696e-06	1.0415458e-20
0	622.51045	622.51045	-0.0015719345	-6.2514276e-29	1.262576e-06	1.2625767e-06	4.8335866e-21
0	700	700	-0.0013979224	-3.9100018e-29	9.9851553e-07	9.9851596e-07	2.2432472e-21

0.0007	0	0.0007	-3.7939436	2.0618614	0	5.4172625	667.64191
0.0014871346	0	0.0014871346	-3.7880641	2.0574265	0	5.4015641	312.64283
0.0023722501	0	0.0023722501	-3.781472	2.0523229	0	5.3843987	195.00534
0.0033675431	0	0.0033675431	-3.7740826	2.0467286	0	5.3652113	136.56268
0.0044867281	0	0.0044867281	-3.7658029	2.0403838	0	5.3436953	101.82964
0.005745227	0	0.005745227	-3.7565296	2.0333107	0	5.3197106	78.94114
0.0071603813	0	0.0071603813	-3.7461485	2.0254264	0	5.2929712	62.822602
0.0087516912	0	0.0087516912	-3.7345334	2.0166212	0	5.2631688	50.926677
0.010541084	0	0.010541084	-3.7215455	2.0067989	0	5.2299955	41.850167
0.012553217	0	0.012553217	-3.7070323	1.9958769	0	5.1931385	34.739087
0.014815816	0	0.014815816	-3.6908267	1.9836926	0	5.1521908	29.057532
0.01736006	0	0.01736006	-3.6727463	1.9701989	0	5.1068479	24.44593
0.020221005	0	0.020221005	-3.6525927	1.9552026	0	5.0566498	20.651565
0.023438075	0	0.023438075	-3.6301514	1.9385744	0	5.0011932	17.502785
0.0270556	0	0.0270556	-3.6051908	1.9202424	0	4.9401254	14.863928
0.031123426	0	0.031123426	-3.5774626	1.8999475	0	4.8729086	12.635861
0.035697608	0	0.035697608	-3.546703	1.877609	0	4.7991922	10.751079
0.040841175	0	0.040841175	-3.5126318	1.8531289	0	4.7186232	9.1439736
0.046625002	0	0.046625002	-3.4749558	1.8261911	0	4.6306584	7.7684358
0.053128789	0	0.053128789	-3.4333709	1.796764	0	4.535073	6.5955737
0.060442154	0	0.060442154	-3.3875619	1.7648246	0	4.4316731	5.5875701
0.068665872	0	0.068665872	-3.3372098	1.7300314	0	4.3200044	4.719726
0.077913262	0	0.077913262	-3.2819978	1.692354	0	4.2000107	3.9785699
0.088311749	0	0.088311749	-3.22161	1.6519031	0	4.0718922	3.3414722
0.10000462	0	0.10000462	-3.1557445	1.6082428	0	3.9354273	2.7935806
0.11315299	0	0.11315299	-3.0841269	1.5613141	0	3.7908853	2.3300257
0.12793805	0	0.12793805	-3.0064967	1.5119696	0	3.6393544	1.9359116
0.14456352	0	0.14456352	-2.9226233	1.46004	0	3.4809026	1.5979741
0.1632585	0	0.1632585	-2.8323335	1.4053728	0	3.3157848	1.3099578
0.18428059	0	0.18428059	-2.7355123	1.3481614	0	3.1451836	1.0660456
0.20791947	0	0.20791947	-2.6321224	1.2874961	0	2.9698045	0.86027907
0.23450087	0	0.23450087	-2.5222526	1.2224345	0	2.7904186	0.69244743
0.26439106	0	0.26439106	-2.4060369	1.1571236	0	2.6119535	0.5711179
0.29800193	0	0.29800193	-2.2834501	1.094802	0	2.4361254	0.466736
0.33579661	0	0.33579661	-2.1545088	1.0357868	0	2.2618266	0.37177032
0.3782959	0	0.3782959	-2.0195086	0.97364899	0	2.0812156	0.25336732
0.42608542	0	0.42608542	-1.8800803	0.89965317	0	1.8812484	0.15019801
0.47982368	0	0.47982368	-1.738709	0.81939912	0	1.6638322	0.075964507
0.54025117	0	0.54025117	-1.5981851	0.73917857	0	1.4345553	0.036046233
0.60820055	0	0.60820055	-1.4609405	0.66485674	0	1.2096355	0.021175368
0.68460813	0	0.68460813	-1.3287386	0.59322361	0	1.0020479	0.014916598
0.77052678	0	0.77052678	-1.202984	0.52181571	0	0.81973732	0.011027239
0.86714041	0	0.86714041	-1.0847438	0.45026964	0	0.66489753	0.0067285004
0.9757803	0	0.9757803	-0.97482638	0.38188134	0	0.53509786	0.0035525984
1.0979435	0	1.0979435	-0.87367045	0.31948723	0	0.42756695	0.0016179155
1.2353133	0	1.2353133	-0.78135145	0.26464758	0	0.33957108	0.00079793678
1.3897826	0	1.3897826	-0.69761751	0.2175733	0	0.2684937	0.00040052239
1.5634799	0	1.5634799	-0.62205127	0.1775946	0	0.21158593	0.00017588973
1.7587988	0	1.7587988	-0.55415793	0.14395159	0	0.16638376	6.7719103e-05
1.9784305	0	1.9784305	-0.49336561	0.11604307	0	0.13076802	2.8821791e-05
2.2254016	0	2.2254016	-0.43905304	0.093158283	0	0.10274776	5.0393671e-06
2.5031151	0	2.5031151	-0.39061467	0.074566998	0	0.080703499	2.2244202e-05
2.8153979	0	2.8153979	-0.34744671	0.059586567	0	0.063460562	1.0315349e-05
3.166553	0	3.166553	-0.30899797	0.047489698	0	0.04993119	4.7827299e-06
3.5614191	0	3.5614191	-0.27477782	0.037775518	0	0.039312082	2.2173904e-06
4.0054374	0	4.0054374	-0.24433498	0.030005574	0	0.030971532	1.0280451e-06
4.5047263	0	4.5047263	-0.2172598	0.023808535	0	0.024415224	4.7665315e-07
5.0661655	0	5.0661655	-0.1931835	0.018876354	0	0.019257113	2.2101495e-07
5.6974917	0	5.6974917	-0.17177568	0.014956958	0	0.015195776	1.0248808e-07
6.407404	0	6.407404	-0.15274134	0.011845986	0	0.011995701	4.7528957e-08
7.2056848	0	7.2056848	-0.13581754	0.0093788396	0	0.0094726567	2.2043239e-08
8.103334	0	8.103334	-0.12077023	0.0074235642	0	0.0074823337	1.0224045e-08
9.1127207	0	9.1127207	-0.10739118	0.0058747338	0	0.0059115383	4.7423978e-09
10.247754	0	10.247754	-0.095495266	0.0046483279	0	0.0046713715	2.1998775e-09
11.524074	0	11.524074	-0.084917892	0.0036775094	0	0.0036919344	1.0205206e-09
12.959267	0	12.959267	-0.075512754	0.0029091848	0	0.0029182133	4.734406e-10
14.573111	0	14.573111	-0.067149805	0.0023012219	0	0.0023068721	2.1964807e-10
16.387843	0	16.387843	-0.059713451	0.0018202141	0	0.0018237497	1.0190734e-10
18.428468	0	18.428468	-0.053100939	0.0014396891	0	0.0014419013	4.7282221e-11
20.723107	0	20.723107	-0.047220929	0.0011386793	0	0.0011400633	2.1938302e-11
23.303378	0	23.303378	-0.041992223	0.00090058327	0	0.00090144913	1.0179335e-11
26.204836	0	26.204836	-0.037342637	0.00071226002	0	0.00071280168	4.7233031e-12
29.467461	0	29.467461	-0.033207994	0.00056330998	0	0.00056364882	2.1916997e-12
33.136212	0	33.136212	-0.029531238	0.00044550439	0	0.00044571635	1.0170074e-12
37.261641	0	37.261641	-0.02626164	0.00035233302	0	0.00035246561	4.719262e-13
41.900595	0	41.900595	-0.023354097	0.00027864574	0	0.00027872867	2.1899299e-13
47.116997	0	47.116997	-0.020768505	0.00022036865	0	0.00022042053	1.0162295e-13
52.982726	0	52.982726	-0.018469205	0.00017427941	0	0.00017431186	4.7158304e-14
59.57861	0	59.57861	-0.016424489	0.00013782932	0	0.00013784961	2.1884108e-14
66.995535	0	66.995535	-0.014606163	0.00010900255	0	0.00010901524	1.0155546e-14
75.335705	0	75.335705	-0.012989157	8.6204796e-05	0	8.6212735e-05	4.7128228e-15
84.714043	0	84.714043	-0.011551178	6.817515e-05	0	6.8180116e-05	2.1870661e-15
95.259777	0	95.259777	-0.010272403	5.3916387e-05	0	5.3919493e-05	1.0149517e-15
107.11822	0	107.11822	-0.0091352018	4.2639838e-05	0	4.2641781e-05	4.7101112e-16
120.45278	0	120.45278	-0.0081239004	3.3721776e-05	0	3.3722991e-05	2.1858433e-16
135.44721	0	135.44721	-0.0072245589	2.6668925e-05	0	2.6669685e-05	1.0143989e-16
152.3081	0	152.3081	-0.0064247811	2.1091174e-05	0	2.109165e-05	4.7076066e-17
171.26781	0	171.26781	-0.0057135438	1.6680006e-05	0	1.6680304e-05	2.1847058e-17
192.58758	0	192.58758	-0.0050810445	1.319143e-05	0	1.3191616e-05	1.0138809e-17
216.5612	0	216.5612	-0.0045185658	1.0432484e-05	0	1.04326e-05	4.7052476e-18
243.519	0	243.519	-0.0040183558	8.2505661e-06	0	8.2506389e-06	2.183625e-18
273.83246	0	273.83246	-0.0035735207	6.5249918e-06	0	6.5250373e-06	1.0133891e-18
307.91927	0	307.91927	-0.0031779301	5.1603167e-06	0	5.1603452e-06	4.7029932e-19
346.24915	0	346.24915	-0.0028261324	4.0810593e-06	0	4.0810771e-06	2.1825943e-19
389.35025	0	389.35025	-0.0025132793	3.2275249e-06	0	3.227536e-06	1.0129148e-19
437.81648	0	437.81648	-0.0022350595	2.552504e-06	0	2.552511e-06	4.7008038e-20
492.3157	0	492.3157	-0.001987639	2.018661e-06	0	2.0186653e-06	2.1815599e-20
553.59887	0	553.59887	-0.0017676081	1.5964689e-06	0	1.5964716e-06	1.01246e-20
622.51045	0	622.51045	-0.0015719348	1.2625763e-06	0	1.262578e-06	4.6986023e-21
700	0	700	-0.0013979227	9.9851569e-07	0	9.9851676e-07	2.1806022e-21

0.00058	0.00058	0.00058	-3.7940331	1.7152475	2.5600767	4.5975353	717.27758
0.0012321972	0.0012321972	0.0012321972	-3.7882535	1.7114901	2.5538712	4.5844528	335.98576
0.0019655787	0.0019655787	0.0019655787	-3.7817726	1.7072802	2.546979	4.5702412	209.64192
0.00279025	0.00279025	0.00279025	-3.7745068	1.7026431	2.5393299	4.55433	146.86995
0.0037175747	0.0037175747	0.0037175747	-3.7663646	1.6973795	2.5307013	4.536482	109.56447
0.0047603309	0.0047603309	0.0047603309	-3.7572437	1.6915143	2.5210801	4.5165824	84.980087
0.0059328874	0.0059328874	0.0059328874	-3.7470314	1.6849783	2.5103528	4.4943927	67.66554
0.0072514013	0.0072514013	0.0072514013	-3.735603	1.6776716	2.4983738	4.4696464	54.886216
0.0087340412	0.0087340412	0.0087340412	-3.722821	1.6695251	2.4850247	4.4420957	45.135033
0.010401237	0.010401237	0.010401237	-3.7085342	1.6604591	2.4701724	4.4114667	37.494073
0.012275962	0.012275962	0.012275962	-3.6925772	1.6503461	2.4536322	4.3774242	31.388753
0.014384049	0.014384049	0.014384049	-3.6747687	1.6391426	2.4353	4.3397065	26.431519
0.016754547	0.016754547	0.016754547	-3.6549116	1.6266804	2.4149435	4.2979166	22.351821
0.019420119	0.019420119	0.019420119	-3.6327923	1.6128706	2.3924076	4.2517304	18.96563
0.022417497	0.022417497	0.022417497	-3.6081797	1.5976318	2.3675424	4.2008254	16.126078
0.025787982	0.025787982	0.025787982	-3.5808262	1.580745	2.3400596	4.1447418	13.728274
0.029578018	0.029578018	0.029578018	-3.5504675	1.5621701	2.3098497	4.0832028	11.697695
0.033839831	0.033839831	0.033839831	-3.5168224	1.5417896	2.2767269	4.0158607	9.9650614
0.038632145	0.038632145	0.038632145	-3.4795963	1.5193416	2.2403641	3.9422425	8.4817228
0.044020997	0.044020997	0.044020997	-3.4384825	1.4948484	2.2007254	3.8621887	7.2146087
0.050080642	0.050080642	0.050080642	-3.3931618	1.4682248	2.1576773	3.7754689	6.1243236
0.05689458	0.05689458	0.05689458	-3.3433108	1.4391687	2.1108821	3.6816889	5.1844906
0.064556703	0.064556703	0.064556703	-3.2886063	1.4077156	2.0603522	3.5808476	4.3811235
0.073172592	0.073172592	0.073172592	-3.2287245	1.3738971	2.0061003	3.4729704	3.6884675
0.082860969	0.082860969	0.082860969	-3.1633559	1.3373747	1.947787	3.3577905	3.09148
0.093755337	0.093755337	0.093755337	-3.0922162	1.2982601	1.8855539	3.2356038	2.5861076
0.10600581	0.10600581	0.10600581	-3.0150304	1.257129	1.8200654	3.1073365	2.154182
0.1197812	0.1197812	0.1197812	-2.9315543	1.2136404	1.7511155	2.9731467	1.7832716
0.13527133	0.13527133	0.13527133	-2.8416012	1.1675538	1.6786269	2.8334068	1.4669382
0.15268963	0.15268963	0.15268963	-2.7450442	1.1190812	1.602885	2.6887401	1.1976159
0.17227613	0.17227613	0.17227613	-2.6418453	1.0679134	1.523585	2.539098	0.96916579
0.19430072	0.19430072	0.19430072	-2.5320999	1.0139532	1.4406781	2.384787	0.78377684
0.21906688	0.21906688	0.21906688	-2.4159061	0.96124932	1.3585527	2.2309671	0.64549052
0.24691589	0.24691589	0.24691589	-2.2931836	0.91035273	1.2785443	2.0803503	0.52735542
0.27823148	0.27823148	0.27823148	-2.1639032	0.85990863	1.2000466	1.933666	0.42290959
0.31344518	0.31344518	0.31344518	-2.0283485	0.80390577	1.1170948	1.7845753	0.3024581
0.3530422	0.3530422	0.3530422	-1.8879422	0.74056041	1.0254603	1.6220362	0.20168239
0.39756819	0.39756819	0.39756819	-1.7447232	0.67607437	0.92902665	1.443642	0.12502977
0.44763668	0.44763668	0.44763668	-1.6010404	0.61461077	0.83091665	1.2500085	0.069289462
0.5039376	0.5039376	0.5039376	-1.4596161	0.55353646	0.73108315	1.0508194	0.032878089
0.56724674	0.56724674	0.56724674	-1.3232139	0.49044144	0.63106067	0.86146412	0.011581826
0.63843647	0.63843647	0.63843647	-1.1942479	0.42508683	0.53328161	0.69304365	0.0017710556
0.71848776	0.71848776	0.71848776	-1.0742911	0.36220317	0.4435605	0.55278226	0.00044184872
0.80850368	0.80850368	0.80850368	-0.96379082	0.30497454	0.36478729	0.43868184	0.00054615438
0.9097246	0.9097246	0.9097246	-0.86274298	0.25442	0.2974181	0.34683603	0.00088112571
1.0235453	1.0235453	1.0235453	-0.77085438	0.21059708	0.24084466	0.27338239	0.00065515322
1.1515342	1.1515342	1.1515342	-0.68773262	0.17295055	0.19378259	0.21485862	0.00032742385
1.2954548	1.2954548	1.2954548	-0.61290487	0.14097281	0.15505365	0.16852373	7.2419615e-05
1.4572904	1.4572904	1.4572904	-0.54582825	0.11409712	0.12350669	0.13206138	0
1.639271	1.639271	1.639271	-0.48587307	0.091881602	0.098129749	0.1035617	0
1.8439042	1.8439042	1.8439042	-0.43236914	0.073724349	0.077834096	0.08127591	0
2.0740097	2.0740097	2.0740097	-0.38467495	0.059020405	0.061675748	0.063822808	1.3735401e-05
2.3327582	2.3327582	2.3327582	-0.34217632	0.047155455	0.048851191	0.050178662	6.3709527e-06
2.6237153	2.6237153	2.6237153	-0.30432993	0.037584286	0.038662997	0.039485172	2.9545202e-06
2.9508901	2.9508901	2.9508901	-0.27064607	0.029901113	0.030585181	0.031095162	1.3700446e-06
3.318791	3.318791	3.318791	-0.24067802	0.02375569	0.024188408	0.024505145	6.3529518e-07
3.7324875	3.7324875	3.7324875	-0.21402207	0.018853428	0.019126594	0.019323527	2.9459552e-07
4.19768	4.19768	4.19768	-0.19031559	0.01495074	0.0151229	0.015245457	1.3661418e-07
4.7207788	4.7207788	4.7207788	-0.16923403	0.011848569	0.011956925	0.012033255	6.3356218e-08
5.3089919	5.3089919	5.3089919	-0.15048767	0.0093855918	0.0094537147	0.0095012857	2.9383831e-08
5.9704245	5.9704245	5.9704245	-0.13381828	0.0074318546	0.0074746444	0.0075043085	1.3628668e-08
6.714191	6.714191	6.714191	-0.11899591	0.0058831349	0.0059099922	0.0059284987	6.3215471e-09
7.55054	7.55054	7.55054	-0.10581593	0.0046561227	0.0046729696	0.0046845198	2.9323567e-09
8.4909961	8.4909961	8.4909961	-0.094096319	0.0036843907	0.0036949529	0.0037021641	1.3602914e-09
9.5485183	9.5485183	9.5485183	-0.083675197	0.0029150723	0.0029216916	0.002926195	6.3105464e-10
10.737679	10.737679	10.737679	-0.074408626	0.0023061545	0.0023103013	0.0023131143	2.927656e-10
12.074863	12.074863	12.074863	-0.066168623	0.0018242862	0.0018268833	0.0018286408	1.3582803e-10
13.578498	13.578498	13.578498	-0.058841401	0.0014430152	0.0014446414	0.0014457396	6.3019279e-11
15.269302	15.269302	15.269302	-0.052325793	0.0011413749	0.0011423929	0.0011430793	2.9239544e-11
17.170574	17.170574	17.170574	-0.046531855	0.00090275512	0.00090339235	0.00090382136	1.3566865e-11
19.308513	19.308513	19.308513	-0.041379619	0.00071400218	0.00071440098	0.00071466916	6.2950459e-12
21.712578	21.712578	21.712578	-0.036797982	0.00056470276	0.00056495232	0.00056511997	2.9209738e-12
24.415896	24.415896	24.415896	-0.032723728	0.000446615	0.00044677115	0.00044687597	1.3553916e-12
27.455718	27.455718	27.455718	-0.029100649	0.00035321687	0.00035331458	0.00035338011	6.2894017e-13
30.873931	30.873931	30.873931	-0.025878767	0.00027934806	0.00027940918	0.00027945016	2.9185054e-13
34.717636	34.717636	34.717636	-0.023013643	0.00022092607	0.00022096431	0.00022098994	1.3543084e-13
39.039797	39.039797	39.039797	-0.020465765	0.00017472143	0.00017474535	0.00017476138	6.2846324e-14
43.899973	43.899973	43.899973	-0.018199996	0.00013817958	0.00013819455	0.00013820457	2.9163984e-14
49.365134	49.365134	49.365134	-0.016185094	0.00010927996	0.00010928932	0.00010929559	1.3533745e-14
55.510587	55.510587	55.510587	-0.014393278	8.6424417e-05	8.6430272e-05	8.6434191e-05	6.2804796e-15
62.421013	62.421013	62.421013	-0.012799846	6.8348966e-05	6.8352628e-05	6.8355079e-05	2.914546e-15
70.191635	70.191635	70.191635	-0.011382828	5.4053919e-05	5.405621e-05	5.4057742e-05	1.3525457e-15
78.929529	78.929529	78.929529	-0.010122692	4.2748641e-05	4.2750073e-05	4.2751032e-05	6.276761e-16
88.755099	88.755099	88.755099	-0.0090020669	3.380784e-05	3.3808736e-05	3.3809336e-05	2.9128728e-16
99.803736	99.803736	99.803736	-0.0080055053	2.6736995e-05	2.6737556e-05	2.6737931e-05	1.3517907e-16
112.22768	112.22768	112.22768	-0.0071192713	2.1145009e-05	2.114536e-05	2.1145594e-05	6.2733479e-17
126.19814	126.19814	126.19814	-0.0063311498	1.6722581e-05	1.67228e-05	1.6722947e-05	2.9113265e-17
141.90761	141.90761	141.90761	-0.0056302782	1.3225098e-05	1.3225235e-05	1.3225327e-05	1.3510884e-17
159.57257	159.57257	159.57257	-0.0050069968	1.0459108e-05	1.0459194e-05	1.0459251e-05	6.2701455e-18
179.43642	179.43642	179.43642	-0.0044527155	8.2716203e-06	8.271674e-06	8.2717098e-06	2.9098682e-18
201.77289	201.77289	201.77289	-0.0039597953	6.5416408e-06	6.5416744e-06	6.5416968e-06	1.3504211e-18
226.88975	226.88975	226.88975	-0.0035214431	5.1734823e-06	5.1735033e-06	5.1735173e-06	6.2670998e-19
255.13311	255.13311	255.13311	-0.0031316176	4.0914703e-06	4.0914834e-06	4.0914922e-06	2.9084807e-19
286.89215	286.89215	286.89215	-0.0027849467	3.2357576e-06	3.2357658e-06	3.2357713e-06	1.3497764e-19
322.60449	322.60449	322.60449	-0.0024766529	2.5590143e-06	2.5590194e-06	2.5590228e-06	6.2642101e-20
362.76223	362.76223	362.76223	-0.0022024877	2.0238092e-06	2.0238124e-06	2.0238145e-06	2.9071232e-20
407.91872	407.91872	407.91872	-0.0019586729	1.60054e-06	1.600542e-06	1.6005433e-06	1.3491467e-20
458.69621	458.69621	458.69621	-0.0017418486	1.2657957e-06	1.2657969e-06	1.2657978e-06	6.2611875e-21
515.79437	515.79437	515.79437	-0.0015490269	1.0010616e-06	1.0010624e-06	1.0010629e-06	2.9058231e-21
580	580	580	-0.0013775506	7.916953e-07	7.9169579e-07	7.9169612e-07	1.3485294e-21

