x	y	z	Phi	Fx	Fy	Fz	Rho
0.001	0	0	-1.1223003	0.73170273	0	0	185.22718
0.002124478	0	0	-1.1214781	0.73051748	0	0	86.959604
0.0033889288	0	0	-1.1205552	0.72916227	0	0	54.38351
0.0048107758	0	0	-1.1195195	0.72769638	0	0	38.201156
0.0064096115	0	0	-1.1183574	0.72602668	0	0	28.580372
0.0082074671	0	0	-1.1170538	0.72415192	0	0	22.240178
0.010229116	0	0	-1.1155919	0.72206192	0	0	17.773672
0.012502416	0	0	-1.1139531	0.71972306	0	0	14.476445
0.015058692	0	0	-1.1121167	0.7171055	0	0	11.958554
0.017933167	0	0	-1.1100596	0.71418475	0	0	9.985101
0.021165452	0	0	-1.1077564	0.71091889	0	0	8.4066138
0.024800085	0	0	-1.1051791	0.70727582	0	0	7.12379
0.02888715	0	0	-1.1022967	0.70322165	0	0	6.067424
0.033482964	0	0	-1.0990752	0.69870349	0	0	5.1880477
0.038650857	0	0	-1.0954774	0.69367774	0	0	4.4497347
0.044462038	0	0	-1.0914626	0.688102	0	0	3.8253084
0.050996583	0	0	-1.0869864	0.6819196	0	0	3.2937005
0.058344535	0	0	-1.0820009	0.67507139	0	0	2.8390023
0.066607146	0	0	-1.0764544	0.66750583	0	0	2.448445
0.07589827	0	0	-1.0702914	0.65916803	0	0	2.1117618
0.086345935	0	0	-1.0634527	0.64999258	0	0	1.8206685
0.098094103	0	0	-1.0558759	0.63992124	0	0	1.5684778
0.11130466	0	0	-1.0474954	0.62889836	0	0	1.3496195
0.12615964	0	0	-1.0382429	0.61687195	0	0	1.159494
0.14286374	0	0	-1.0280485	0.60379762	0	0	0.99420456
0.16164713	0	0	-1.016841	0.58963043	0	0	0.85046131
0.18276864	0	0	-1.0045498	0.57433194	0	0	0.72548486
0.20651932	0	0	-0.99110588	0.55789065	0	0	0.61704803
0.23322643	0	0	-0.97644292	0.54032096	0	0	0.52299193
0.26325798	0	0	-0.9604997	0.52162098	0	0	0.44152347
0.29702781	0	0	-0.94322268	0.50180501	0	0	0.37111197
0.33500124	0	0	-0.92456803	0.48095535	0	0	0.31064984
0.37770152	0	0	-0.9045018	0.45918639	0	0	0.25873766
0.42571705	0	0	-0.88300411	0.43656912	0	0	0.21431951
0.47970945	0	0	-0.86007282	0.41319735	0	0	0.17647836
0.54042272	0	0	-0.83572489	0.38926458	0	0	0.14460874
0.60869346	0	0	-0.80999298	0.36498294	0	0	0.11774342
0.6854624	0	0	-0.78293116	0.34049397	0	0	0.095218075
0.77178738	0	0	-0.75461811	0.3159556	0	0	0.07644819
0.86885792	0	0	-0.72515475	0.29163721	0	0	0.061079298
0.97801162	0	0	-0.69465347	0.26778661	0	0	0.048447703
1.1007525	0	0	-0.66324664	0.24453747	0	0	0.038144766
1.238772	0	0	-0.63108898	0.22202354	0	0	0.029809254
1.3939719	0	0	-0.59835074	0.20046711	0	0	0.023214542
1.5684907	0	0	-0.56519899	0.18004845	0	0	0.017944218
1.7647333	0	0	-0.53180899	0.16082351	0	0	0.013753465
1.9854037	0	0	-0.49836652	0.14283601	0	0	0.010441595
2.2335428	0	0	-0.46505644	0.12621124	0	0	0.0079080221
2.5125697	0	0	-0.43203508	0.11100511	0	0	0.0059433496
2.8263293	0	0	-0.39945799	0.097139367	0	0	0.0044434277
3.1791452	0	0	-0.36748773	0.084541665	0	0	0.0033143188
3.5758788	0	0	-0.33627666	0.073247387	0	0	0.0025097609
4.021997	0	0	-0.30592142	0.063233768	0	0	0.0018822831
4.5236471	0	0	-0.27651733	0.054346054	0	0	0.0013819446
5.0877416	0	0	-0.24817227	0.04646501	0	0	0.00098251478
5.7220535	0	0	-0.22108362	0.039103295	0	0	0.00057020317
6.4353232	0	0	-0.19578776	0.032049984	0	0	0.00029621507
7.2373793	0	0	-0.17274982	0.02565045	0	0	0.00013024923
8.1392738	0	0	-0.15224247	0.020080118	0	0	3.8122313e-05
9.1534343	0	0	-0.13432207	0.015551191	0	0	1.8695216e-05
10.293835	0	0	-0.11868648	0.012092424	0	0	1.0713774e-05
11.576191	0	0	-0.10498472	0.0094461829	0	0	6.7061472e-06
13.018172	0	0	-0.092920576	0.0074149431	0	0	4.5752694e-06
14.639648	0	0	-0.082288355	0.0057948352	0	0	3.7616229e-07
16.462963	0	0	-0.072940179	0.0045371667	0	0	1.6817834e-07
18.513239	0	0	-0.064700365	0.0035603933	0	0	7.5245867e-08
20.81873	0	0	-0.057423186	0.0027987055	0	0	3.3685167e-08
23.411204	0	0	-0.050986421	0.0022028879	0	0	1.5086299e-08
26.326383	0	0	-0.045286329	0.0017356968	0	0	6.7588501e-09
29.604439	0	0	-0.040234002	0.001368681	0	0	3.0288463e-09
33.29054	0	0	-0.035752651	0.0010799437	0	0	1.3575993e-09
37.43548	0	0	-0.031775549	0.00085253357	0	0	6.0860721e-10
42.096373	0	0	-0.028244428	0.00067326744	0	0	2.728721e-10
47.337445	0	0	-0.025108211	0.0005318558	0	0	1.2235629e-10
53.230915	0	0	-0.022321989	0.00042024505	0	0	5.4869331e-11
59.857993	0	0	-0.019846184	0.00033211771	0	0	2.4607197e-11
67.309996	0	0	-0.017645847	0.00026250957	0	0	1.1036164e-11
75.689609	0	0	-0.015690071	0.00020751457	0	0	4.949863e-12
85.1123	0	0	-0.013951495	0.00016405589	0	0	2.2201573e-12
95.707908	0	0	-0.01240587	0.00012970796	0	0	9.9583403e-13
107.62244	0	0	-0.011031694	0.00010255726	0	0	4.4668417e-13
121.02006	0	0	-0.0098098851	8.109349e-05	0	0	2.0036538e-13
136.0854	0	0	-0.0087235048	6.4124108e-05	0	0	8.987768e-14
153.02603	0	0	-0.0077575105	5.070715e-05	0	0	4.0316874e-14
172.07541	0	0	-0.0068985395	4.0098398e-05	0	0	1.808534e-14
193.49601	0	0	-0.0061347191	3.1709747e-05	0	0	8.1127962e-15
217.583	0	0	-0.0054554979	2.5076381e-05	0	0	3.6392997e-15
244.6683	0	0	-0.004851498	1.983088e-05	0	0	1.6325554e-15
275.12512	0	0	-0.0043143834	1.5682784e-05	0	0	7.3235293e-16
309.37314	0	0	-0.0038367433	1.2402452e-05	0	0	3.2852993e-16
347.88429	0	0	-0.0034119894	9.8083179e-06	0	0	1.473775e-16
391.18923	0	0	-0.0030342638	7.7568178e-06	0	0	6.6113309e-17
439.88468	0	0	-0.0026983581	6.1344314e-06	0	0	2.9658409e-17
494.64164	0	0	-0.0023996413	4.8513922e-06	0	0	1.3304786e-17
556.21464	0	0	-0.0021339954	3.836715e-06	0	0	5.9685499e-18
625.45212	0	0	-0.0018977584	3.0342654e-06	0	0	2.6775068e-18
703.30814	0	0	-0.0016876743	2.3996522e-06	0	0	1.2011384e-18
790.85553	0	0	-0.0015008476	1.8977702e-06	0	0	5.3883529e-19
889.30064	0	0	-0.0013347032	1.5008573e-06	0	0	2.4172392e-19
1000	0	0	-0.0011869515	1.1869586e-06	0	0	1.0843851e-19

0	0.001	0	-1.1221385	-1.755529e-17	0.8930941	0	126.51914
0	0.002124478	0	-1.1211353	-1.7510122e-17	0.89119048	0	59.333342
0	0.0033889288	0	-1.1200098	-1.7461362e-17	0.88904382	0	37.063852
0	0.0048107758	0	-1.1187474	-1.7406489e-17	0.88667951	0	26.00102
0	0.0064096115	0	-1.1173319	-1.7345019e-17	0.88401392	0	19.424445
0	0.0082074671	0	-1.1157452	-1.727638e-17	0.88102889	0	15.090655
0	0.010229116	0	-1.1139675	-1.7199728e-17	0.87769978	0	12.038
0	0.012502416	0	-1.1119764	-1.711416e-17	0.87398073	0	9.7846902
0	0.015058692	0	-1.1097476	-1.7018735e-17	0.86982862	0	8.0643812
0	0.017933167	0	-1.107254	-1.6912433e-17	0.865204	0	6.7163849
0	0.021165452	0	-1.1044657	-1.6794153e-17	0.86004873	0	5.6384816
0	0.024800085	0	-1.1013502	-1.6662707e-17	0.85431395	0	4.762902
0	0.02888715	0	-1.0978716	-1.6516834e-17	0.84794843	0	4.0422837
0	0.033482964	0	-1.0939909	-1.6355201e-17	0.84088165	0	3.4427751
0	0.038650857	0	-1.0896656	-1.6176414e-17	0.83305227	0	2.9399105
0	0.044462038	0	-1.0848498	-1.5979036e-17	0.82440046	0	2.5151167
0	0.050996583	0	-1.079494	-1.5761603e-17	0.81485272	0	2.1539044
0	0.058344535	0	-1.0735453	-1.5522634e-17	0.80433443	0	1.8454926
0	0.066607146	0	-1.0669473	-1.5260683e-17	0.79278096	0	1.5811579
0	0.07589827	0	-1.0596405	-1.4974373e-17	0.78012714	0	1.3538628
0	0.086345935	0	-1.0515626	-1.4662429e-17	0.76630021	0	1.1579343
0	0.098094103	0	-1.0426489	-1.4323719e-17	0.75124024	0	0.98882645
0	0.11130466	0	-1.0328333	-1.3957357e-17	0.73489629	0	0.84272538
0	0.12615964	0	-1.0220485	-1.356276e-17	0.71722742	0	0.71647076
0	0.14286374	0	-1.010228	-1.3139643e-17	0.6982064	0	0.60738337
0	0.16164713	0	-0.99730636	-1.2688128e-17	0.67781715	0	0.5131962
0	0.18276864	0	-0.98322171	-1.2208886e-17	0.65606063	0	0.43198406
0	0.20651932	0	-0.96791682	-1.1703182e-17	0.63297082	0	0.36220028
0	0.23322643	0	-0.95134086	-1.117275e-17	0.60861339	0	0.30232301
0	0.26325798	0	-0.93345163	-1.0619972e-17	0.58305524	0	0.25108621
0	0.29702781	0	-0.91421805	-1.0047996e-17	0.55638881	0	0.20740144
0	0.33500124	0	-0.89362202	-9.4606281e-18	0.52877309	0	0.17049632
0	0.37770152	0	-0.87165845	-8.8618739e-18	0.50039984	0	0.13933129
0	0.42571705	0	-0.84833855	-8.2562593e-18	0.47142976	0	0.1131367
0	0.47970945	0	-0.82369229	-7.648893e-18	0.44204458	0	0.091243843
0	0.54042272	0	-0.79776889	-7.0452311e-18	0.41249303	0	0.073193559
0	0.60869346	0	-0.77063415	-6.4506143e-18	0.38303033	0	0.058300503
0	0.6854624	0	-0.74237346	-5.8704002e-18	0.35385876	0	0.046091862
0	0.77178738	0	-0.71309284	-5.3098607e-18	0.32518232	0	0.036155255
0	0.86885792	0	-0.68291486	-4.773614e-18	0.29730165	0	0.028297034
0	0.97801162	0	-0.65196616	-4.2645263e-18	0.2704757	0	0.021989221
0	1.1007525	0	-0.62038517	-3.7848988e-18	0.24482731	0	0.016959014
0	1.238772	0	-0.58832385	-3.3367266e-18	0.2204619	0	0.012975957
0	1.3939719	0	-0.55594526	-2.9219745e-18	0.19747475	0	0.0098541212
0	1.5684907	0	-0.52341975	-2.5433968e-18	0.17593671	0	0.0074170991
0	1.7647333	0	-0.49092375	-2.2027504e-18	0.15588769	0	0.0055293143
0	1.9854037	0	-0.45863729	-1.9003938e-18	0.1373485	0	0.0040791182
0	2.2335428	0	-0.42672054	-1.6342512e-18	0.12055429	0	0.0031245131
0	2.5125697	0	-0.39525023	-1.3974259e-18	0.10559673	0	0.0023781745
0	2.8263293	0	-0.36429178	-1.1840755e-18	0.092254735	0	0.0017926711
0	3.1791452	0	-0.33392618	-9.9055185e-19	0.080333051	0	0.001334553
0	3.5758788	0	-0.30430901	-8.1497051e-19	0.069250461	0	0.00081289101
0	4.021997	0	-0.275838	-6.569471e-19	0.058712223	0	0.00045907283
0	4.5236471	0	-0.24890705	-5.1648348e-19	0.049003404	0	0.00023448643
0	5.0877416	0	-0.22381628	-3.9347285e-19	0.040304158	0	0.00010027202
0	5.7220535	0	-0.20074707	-2.8827721e-19	0.032798537	0	5.0813831e-05
0	6.4353232	0	-0.17970172	-2.0327218e-19	0.026527878	0	2.4386817e-05
0	7.2373793	0	-0.1606138	-1.3867257e-19	0.021338442	0	1.0149693e-05
0	8.1392738	0	-0.14339092	-9.2513731e-20	0.017080656	0	2.8111749e-06
0	9.1534343	0	-0.1279177	-6.1475315e-20	0.013626116	0	1.1390418e-06
0	10.293835	0	-0.11404959	-4.0917359e-20	0.010851668	0	4.8643398e-07
0	11.576191	0	-0.10163877	-2.7193233e-20	0.0086308031	0	2.1980656e-07
0	13.018172	0	-0.090544869	-1.7892736e-20	0.0068576588	0	1.335243e-07
0	14.639648	0	-0.080634711	-1.1583589e-20	0.0054468976	0	1.7225672e-07
0	16.462963	0	-0.071787241	-7.441936e-21	0.0043224819	0	7.7387727e-08
0	18.513239	0	-0.063895239	-4.7537071e-21	0.003427606	0	3.4756337e-08
0	20.81873	0	-0.056860207	-3.023115e-21	0.0027164074	0	1.560581e-08
0	23.411204	0	-0.050592336	-1.9159317e-21	0.0021517963	0	7.0056788e-09
0	26.326383	0	-0.045010227	-1.2109676e-21	0.0017039348	0	3.1444414e-09
0	29.604439	0	-0.04004042	-7.6376701e-22	0.0013489133	0	1.4111751e-09
0	33.29054	0	-0.035616848	-4.809035e-22	0.0010676295	0	6.332489e-10
0	37.43548	0	-0.031680233	-3.023947e-22	0.0008448567	0	2.8414093e-10
0	42.096373	0	-0.028177503	-1.8994501e-22	0.00066847862	0	1.2748724e-10
0	47.337445	0	-0.025061205	-1.1920994e-22	0.00052886705	0	5.719781e-11
0	53.230915	0	-0.022288966	-7.4765621e-23	0.00041837899	0	2.5661182e-11
0	59.857993	0	-0.019822979	-4.686571e-23	0.00033095222	0	1.1512306e-11
0	67.309996	0	-0.017629538	-2.9364267e-23	0.00026178145	0	5.1646318e-12
0	75.689609	0	-0.015678608	-1.8392101e-23	0.00020705958	0	2.3169149e-12
0	85.1123	0	-0.013943437	-1.1516531e-23	0.00016377154	0	1.0393846e-12
0	95.707908	0	-0.012400205	-7.2096517e-24	0.00012953022	0	4.6627192e-13
0	107.62244	0	-0.011027711	-4.5126159e-24	0.00010244614	0	2.0917035e-13
0	121.02006	0	-0.0098070844	-2.8240957e-24	8.1024022e-05	0	9.3833866e-14
0	136.0854	0	-0.0087215354	-1.767176e-24	6.4080673e-05	0	4.2093818e-14
0	153.02603	0	-0.0077561256	-1.1057057e-24	5.0679991e-05	0	1.8883247e-14
0	172.07541	0	-0.0068975657	-6.9177788e-25	4.0081415e-05	0	8.4710058e-15
0	193.49601	0	-0.0061340342	-4.3278039e-25	3.1699127e-05	0	3.8000863e-15
0	217.583	0	-0.0054550163	-2.7073689e-25	2.506974e-05	0	1.7047169e-15
0	244.6683	0	-0.0048511593	-1.6935984e-25	1.9826727e-05	0	7.6473595e-16
0	275.12512	0	-0.0043141452	-1.0593999e-25	1.5680186e-05	0	3.430609e-16
0	309.37314	0	-0.0038365758	-6.6267187e-26	1.2400827e-05	0	1.5389746e-16
0	347.88429	0	-0.0034118716	-4.1450376e-26	9.8073019e-06	0	6.9038638e-17
0	391.18923	0	-0.0030341809	-2.5926952e-26	7.7561823e-06	0	3.0970876e-17
0	439.88468	0	-0.0026982999	-1.6216939e-26	6.134034e-06	0	1.3893615e-17
0	494.64164	0	-0.0023996004	-1.0143361e-26	4.8511436e-06	0	6.232719e-18
0	556.21464	0	-0.0021339665	-6.3444111e-27	3.8365595e-06	0	2.7960199e-18
0	625.45212	0	-0.0018977382	-3.9682399e-27	3.0341682e-06	0	1.2543058e-18
0	703.30814	0	-0.0016876601	-2.4820029e-27	2.3995914e-06	0	5.626872e-19
0	790.85553	0	-0.0015008375	-1.5524043e-27	1.8977322e-06	0	2.5242412e-19
0	889.30064	0	-0.0013346961	-9.709704e-28	1.5008335e-06	0	1.1323879e-19
0	1000	0	-0.0011869465	-6.0730381e-28	1.1869437e-06	0	5.0799519e-20

0	0	0.001	-1.1220943	0	0	0.93724262	113.98891
0	0	0.002124478	-1.1210415	0	0	0.93509774	53.438873
0	0	0.0033889288	-1.1198607	0	0	0.93268708	33.368119
0	0	0.0048107758	-1.1185364	0	0	0.93002175	23.397792
0	0	0.0064096115	-1.1170519	0	0	0.92702392	17.470937
0	0	0.0082074671	-1.1153882	0	0	0.92366925	13.565334
0	0	0.010229116	-1.1135247	0	0	0.9199282	10.814421
0	0	0.012502416	-1.1114382	0	0	0.91575125	8.783937
0	0	0.015058692	-1.1091032	0	0	0.91109133	7.2338985
0	0	0.017933167	-1.1064918	0	0	0.90590448	6.0194501
0	0	0.021165452	-1.103573	0	0	0.90012766	5.0484532
0	0	0.024800085	-1.1003131	0	0	0.89370711	4.2598707
0	0	0.02888715	-1.096675	0	0	0.88658676	3.6110005
0	0	0.033482964	-1.0926186	0	0	0.87869117	3.0713228
0	0	0.038650857	-1.0881003	0	0	0.86995438	2.6188194
0	0	0.044462038	-1.0830729	0	0	0.86031233	2.2367528
0	0	0.050996583	-1.077486	0	0	0.84968756	1.9120298
0	0	0.058344535	-1.0712856	0	0	0.83800222	1.6349696
0	0	0.066607146	-1.0644147	0	0	0.82518983	1.3977123
0	0	0.07589827	-1.0568132	0	0	0.81118465	1.1939027
0	0	0.086345935	-1.0484184	0	0	0.79591381	1.0184204
0	0	0.098094103	-1.0391659	0	0	0.77932016	0.86718221
0	0	0.11130466	-1.0289901	0	0	0.76135831	0.73674783
0	0	0.12615964	-1.017825	0	0	0.74199447	0.62424391
0	0	0.14286374	-1.0056057	0	0	0.72120847	0.52725531
0	0	0.16164713	-0.99226938	0	0	0.69899773	0.44373993
0	0	0.18276864	-0.97775734	0	0	0.67538044	0.37195289
0	0	0.20651932	-0.96201636	0	0	0.65040738	0.31046583
0	0	0.23322643	-0.94500046	0	0	0.62416023	0.25790783
0	0	0.26325798	-0.92667306	0	0	0.59673073	0.21312909
0	0	0.29702781	-0.90700927	0	0	0.56823851	0.1751341
0	0	0.33500124	-0.88599758	0	0	0.53885983	0.14317623
0	0	0.37770152	-0.86364036	0	0	0.50879924	0.11633442
0	0	0.42571705	-0.83995643	0	0	0.4782434	0.093907758
0	0	0.47970945	-0.81498308	0	0	0.44739846	0.075283519
0	0	0.54042272	-0.78877617	0	0	0.41652813	0.06003373
0	0	0.60869346	-0.76140748	0	0	0.38589789	0.047537355
0	0	0.6854624	-0.73296701	0	0	0.35572258	0.037364572
0	0	0.77178738	-0.7035634	0	0	0.32621311	0.029142066
0	0	0.86885792	-0.67332065	0	0	0.29763562	0.022653404
0	0	0.97801162	-0.64236954	0	0	0.27021472	0.017479193
0	0	1.1007525	-0.61085237	0	0	0.24407524	0.01338304
0	0	1.238772	-0.57892334	0	0	0.21932145	0.010164954
0	0	1.3939719	-0.54674315	0	0	0.19609572	0.0077175472
0	0	1.5684907	-0.51446617	0	0	0.17449483	0.005814769
0	0	1.7647333	-0.48224763	0	0	0.15451979	0.0043403397
0	0	1.9854037	-0.45024515	0	0	0.13615245	0.0032028629
0	0	2.2335428	-0.41860864	0	0	0.11945235	0.0023916779
0	0	2.5125697	-0.387455	0	0	0.10440728	0.0017671234
0	0	2.8263293	-0.35689844	0	0	0.090875038	0.0012924091
0	0	3.1791452	-0.32706017	0	0	0.078726567	0.00093669217
0	0	3.5758788	-0.29811284	0	0	0.067515923	0.00054116811
0	0	4.021997	-0.27041181	0	0	0.057016576	0.00028263657
0	0	4.5236471	-0.24429752	0	0	0.047453707	0.00012515834
0	0	5.0877416	-0.22002394	0	0	0.038958774	3.5684933e-05
0	0	5.7220535	-0.19773293	0	0	0.031690596	1.738444e-05
0	0	6.4353232	-0.17738694	0	0	0.025669209	9.3475812e-06
0	0	7.2373793	-0.15889051	0	0	0.020713451	5.2269799e-06
0	0	8.1392738	-0.14213526	0	0	0.016658868	2.9876065e-06
0	0	9.1534343	-0.12700524	0	0	0.013356921	1.2514786e-06
0	0	10.293835	-0.11338363	0	0	0.010679131	3.3057906e-07
0	0	11.576191	-0.10115191	0	0	0.0085179493	0
0	0	13.018172	-0.090192116	0	0	0.0067806929	0
0	0	14.639648	-0.080383181	0	0	0.0053971458	1.6775466e-07
0	0	16.462963	-0.071608423	0	0	0.0042907982	7.5454718e-08
0	0	18.513239	-0.063768393	0	0	0.0034075051	3.392082e-08
0	0	20.81873	-0.056770384	0	0	0.0027036924	1.5242479e-08
0	0	23.411204	-0.050528817	0	0	0.0021437719	6.8468374e-09
0	0	26.326383	-0.044965358	0	0	0.0016988799	3.0746789e-09
0	0	29.604439	-0.040008754	0	0	0.0013457335	1.380416e-09
0	0	33.29054	-0.035594514	0	0	0.0010656316	6.1964252e-10
0	0	37.43548	-0.03166449	0	0	0.00084360255	2.7810585e-10
0	0	42.096373	-0.028166411	0	0	0.0006676919	1.2480446e-10
0	0	47.337445	-0.025053393	0	0	0.00052837384	5.6003079e-11
0	0	53.230915	-0.022283465	0	0	0.00041806993	2.5128351e-11
0	0	59.857993	-0.019819107	0	0	0.00033075863	1.1274392e-11
0	0	67.309996	-0.017626813	0	0	0.00026166022	5.0583004e-12
0	0	75.689609	-0.01567669	0	0	0.00020698369	2.269356e-12
0	0	85.1123	-0.013942087	0	0	0.00016372403	1.0180999e-12
0	0	95.707908	-0.012399256	0	0	0.00012950048	4.5674155e-13
0	0	107.62244	-0.011027043	0	0	0.00010242754	2.049014e-13
0	0	121.02006	-0.0098066145	0	0	8.101238e-05	9.1921081e-14
0	0	136.0854	-0.0087212049	0	0	6.407339e-05	4.1236549e-14
0	0	153.02603	-0.0077558931	0	0	5.0675434e-05	1.8498963e-14
0	0	172.07541	-0.0068974021	0	0	4.0078565e-05	8.2987177e-15
0	0	193.49601	-0.0061339192	0	0	3.1697344e-05	3.722834e-15
0	0	217.583	-0.0054549354	0	0	2.5068624e-05	1.6700743e-15
0	0	244.6683	-0.0048511024	0	0	1.9826029e-05	7.4919982e-16
0	0	275.12512	-0.0043141052	0	0	1.567975e-05	3.36093e-16
0	0	309.37314	-0.0038365476	0	0	1.2400554e-05	1.5077222e-16
0	0	347.88429	-0.0034118518	0	0	9.8071311e-06	6.7636853e-17
0	0	391.18923	-0.003034167	0	0	7.7560755e-06	3.0342105e-17
0	0	439.88468	-0.0026982901	0	0	6.1339672e-06	1.3611572e-17
0	0	494.64164	-0.0023995935	0	0	4.8511018e-06	6.1062026e-18
0	0	556.21464	-0.0021339617	0	0	3.8365334e-06	2.7392674e-18
0	0	625.45212	-0.0018977348	0	0	3.0341518e-06	1.2288475e-18
0	0	703.30814	-0.0016876577	0	0	2.3995812e-06	5.5126692e-19
0	0	790.85553	-0.0015008359	0	0	1.8977258e-06	2.4730107e-19
0	0	889.30064	-0.001334695	0	0	1.5008295e-06	1.1094061e-19
0	0	1000	-0.0011869457	0	0	1.1869412e-06	4.9768563e-20

0.0007	0.0007	0	-1.1222224	0.46482902	0.69144533	0	149.29026
0.0014871346	0.0014871346	0	-1.1213131	0.46401143	0.69011082	0	70.047469
0.0023722501	0.0023722501	0	-1.1202926	0.46306211	0.68860336	0	43.781057
0.0033675431	0.0033675431	0	-1.1191477	0.46203585	0.68694875	0	30.732642
0.0044867281	0.0044867281	0	-1.1178635	0.46087013	0.68507856	0	22.975316
0.005745227	0.005745227	0	-1.1164235	0.45956145	0.68298267	0	17.863305
0.0071603813	0.0071603813	0	-1.1148093	0.45810258	0.68064399	0	14.262298
0.0087516912	0.0087516912	0	-1.1130005	0.45647161	0.67802997	0	11.604055
0.010541084	0.010541084	0	-1.1109747	0.45464753	0.67510845	0	9.5743444
0.012553217	0.012553217	0	-1.1087068	0.45261419	0.67185118	0	7.9837355
0.014815816	0.014815816	0	-1.1061693	0.45034298	0.66821636	0	6.7116124
0.01736006	0.01736006	0	-1.1033318	0.44781182	0.66416766	0	5.6780076
0.020221005	0.020221005	0	-1.100161	0.44499856	0.65966758	0	4.8271192
0.023438075	0.023438075	0	-1.0966203	0.44186793	0.65466456	0	4.1189795
0.0270556	0.0270556	0	-1.0926699	0.43839046	0.64911193	0	3.524705
0.031123426	0.031123426	0	-1.0882666	0.43453864	0.64296414	0	3.0223917
0.035697608	0.035697608	0	-1.0833632	0.43027644	0.63616652	0	2.5950083
0.040841175	0.040841175	0	-1.0779094	0.42556452	0.62866061	0	2.2297559
0.046625002	0.046625002	0	-1.071851	0.42037055	0.62039492	0	1.9163577
0.053128789	0.053128789	0	-1.0651304	0.41466081	0.61131687	0	1.6465364
0.060442154	0.060442154	0	-1.0576866	0.40839476	0.60136778	0	1.4135906
0.068665872	0.068665872	0	-1.0494559	0.40153723	0.59049562	0	1.2121506
0.077913262	0.077913262	0	-1.040372	0.39405622	0.57865365	0	1.0377225
0.088311749	0.088311749	0	-1.0303671	0.38592287	0.56580112	0	0.88659496
0.10000462	0.10000462	0	-1.0193723	0.37711506	0.55190748	0	0.75562249
0.11315299	0.11315299	0	-1.0073192	0.3676113	0.53694725	0	0.64213483
0.12793805	0.12793805	0	-0.99414093	0.35739517	0.52090573	0	0.54387712
0.14456352	0.14456352	0	-0.97977401	0.34646651	0.50379108	0	0.45904003
0.1632585	0.1632585	0	-0.96415953	0.33484672	0.48563931	0	0.38587468
0.18428059	0.18428059	0	-0.94724541	0.32254607	0.46648306	0	0.32289642
0.20791947	0.20791947	0	-0.92898908	0.30958475	0.44637379	0	0.26884673
0.23450087	0.23450087	0	-0.90935956	0.29602376	0.42541266	0	0.22283126
0.26439106	0.26439106	0	-0.88833741	0.28195686	0.4037404	0	0.18368698
0.29800193	0.29800193	0	-0.86591822	0.26743938	0.38146711	0	0.15050613
0.33579661	0.33579661	0	-0.84211598	0.2525379	0.35872188	0	0.12252128
0.3782959	0.3782959	0	-0.81696441	0.23736686	0.33568689	0	0.099202096
0.42608542	0.42608542	0	-0.7905141	0.22206475	0.31256731	0	0.079782881
0.47982368	0.47982368	0	-0.76283626	0.20672213	0.28952145	0	0.063700183
0.54025117	0.54025117	0	-0.73402512	0.19143571	0.26671453	0	0.050473091
0.60820055	0.60820055	0	-0.70419481	0.17638115	0.24438868	0	0.039867979
0.68460813	0.68460813	0	-0.67346418	0.16174237	0.22278857	0	0.031281405
0.77052678	0.77052678	0	-0.64196529	0.14758158	0.20203013	0	0.02435922
0.86714041	0.86714041	0	-0.60984741	0.13395729	0.18221689	0	0.018817397
0.9757803	0.9757803	0	-0.5772756	0.12092234	0.16343372	0	0.014408566
1.0979435	1.0979435	0	-0.54442943	0.1085303	0.14574272	0	0.010936143
1.2353133	1.2353133	0	-0.5114994	0.096833612	0.12919578	0	0.0082283029
1.3897826	1.3897826	0	-0.47868277	0.085874788	0.1138308	0	0.0061378428
1.5634799	1.5634799	0	-0.44615983	0.07585969	0.099848617	0	0.004715712
1.7587988	1.7587988	0	-0.41400711	0.066942716	0.087411121	0	0.0036157616
1.9784305	1.9784305	0	-0.382278	0.058957914	0.076348699	0	0.0027448216
2.2254016	2.2254016	0	-0.35104496	0.051765613	0.066501544	0	0.002054492
2.5031151	2.5031151	0	-0.32043755	0.045065103	0.057517327	0	0.0013852389
2.8153979	2.8153979	0	-0.29078979	0.038678091	0.049077244	0	0.00089279447
3.166553	3.166553	0	-0.26245889	0.032802831	0.041279646	0	0.00055457485
3.5614191	3.5614191	0	-0.23573281	0.027556223	0.034206551	0	0.00033063329
4.0054374	4.0054374	0	-0.21083033	0.022950968	0.027893586	0	0.0001779601
4.5047263	4.5047263	0	-0.18793056	0.018913128	0.022391089	0	8.5323383e-05
5.0661655	5.0661655	0	-0.16713877	0.015407556	0.017740638	0	3.2936229e-05
5.6974917	5.6974917	0	-0.14847904	0.012398339	0.013910808	0	5.4012907e-06
6.407404	6.407404	0	-0.1318935	0.009885022	0.010859354	0	1.7633145e-06
7.2056848	7.2056848	0	-0.11718521	0.0078677494	0.008498921	0	1.5322153e-06
8.103334	8.103334	0	-0.10412968	0.0062588195	0.0066680307	0	1.4716228e-06
9.1127207	9.1127207	0	-0.092527177	0.0049810039	0.0052424237	0	1.3959061e-06
10.247754	10.247754	0	-0.082212514	0.0039557125	0.0041184607	0	1.7220742e-07
11.524074	11.524074	0	-0.073056236	0.0031363835	0.0032377009	0	7.7100781e-08
12.959267	12.959267	0	-0.064927378	0.0024849071	0.0025480348	0	3.45309e-08
14.573111	14.573111	0	-0.057709155	0.0019677401	0.0020071006	0	1.5469585e-08
16.387843	16.387843	0	-0.051298175	0.0015576478	0.0015822033	0	6.9318951e-09
18.428468	18.428468	0	-0.045603007	0.001232709	0.0012480355	0	3.106783e-09
20.723107	20.723107	0	-0.040542811	0.00097537847	0.00098494826	0	1.3926463e-09
23.303378	23.303378	0	-0.036046085	0.0007716654	0.00077764261	0	6.2435174e-10
26.204836	26.204836	0	-0.032049552	0.00061044086	0.00061417513	0	2.7994067e-10
29.467461	29.467461	0	-0.028497178	0.00048286739	0.00048520086	0	1.2552847e-10
33.136212	33.136212	0	-0.025339309	0.00038193528	0.00038339366	0	5.6292549e-11
37.261641	37.261641	0	-0.022531923	0.00030208909	0.00030300068	0	2.5245632e-11
41.900595	41.900595	0	-0.020035967	0.00023892846	0.00023949834	0	1.132253e-11
47.116997	47.116997	0	-0.017816782	0.00018896937	0.00018932566	0	5.0783038e-12
52.982726	52.982726	0	-0.015843598	0.00014945415	0.00014967692	0	2.2777639e-12
59.57861	59.57861	0	-0.014089088	0.0001182005	0.00011833979	0	1.0216708e-12
66.995535	66.995535	0	-0.012528977	9.3481722e-05	9.3568823e-05	0	4.5827205e-13
75.335705	75.335705	0	-0.011141695	7.3931779e-05	7.3986247e-05	0	2.0556263e-13
84.714043	84.714043	0	-0.0099080756	5.8470043e-05	5.8504105e-05	0	9.2208707e-14
95.259777	95.259777	0	-0.0088110832	4.6241728e-05	4.626303e-05	0	4.1362382e-14
107.11822	107.11822	0	-0.0078355749	3.6570719e-05	3.6584041e-05	0	1.8554277e-14
120.45278	120.45278	0	-0.0069680893	2.8922251e-05	2.8930583e-05	0	8.3231292e-15
135.44721	135.44721	0	-0.006196659	2.2873365e-05	2.2878576e-05	0	3.7336422e-15
152.3081	152.3081	0	-0.0055106438	1.8089544e-05	1.8092802e-05	0	1.6748722e-15
171.26781	171.26781	0	-0.0049005834	1.4306219e-05	1.4308257e-05	0	7.5133415e-16
192.58758	192.58758	0	-0.0043580661	1.1314151e-05	1.1315425e-05	0	3.3704407e-16
216.5612	216.5612	0	-0.0038756121	8.9478548e-06	8.9486521e-06	0	1.5119661e-16
243.519	243.519	0	-0.0034465708	7.0764568e-06	7.0769554e-06	0	6.7826431e-17
273.83246	273.83246	0	-0.0030650278	5.596452e-06	5.5967638e-06	0	3.0426865e-17
307.91927	307.91927	0	-0.0027257242	4.4259829e-06	4.4261779e-06	0	1.3649495e-17
346.24915	346.24915	0	-0.0024239833	3.5003117e-06	3.5004337e-06	0	6.123179e-18
389.35025	389.35025	0	-0.0021556464	2.7682401e-06	2.7683164e-06	0	2.7468701e-18
437.81648	437.81648	0	-0.0019170154	2.1892778e-06	2.1893255e-06	0	1.2322538e-18
492.3157	492.3157	0	-0.0017048014	1.7314025e-06	1.7314323e-06	0	5.5279295e-19
553.59887	553.59887	0	-0.00151608	1.3692895e-06	1.3693082e-06	0	2.4798525e-19
622.51045	622.51045	0	-0.0013482503	1.0829105e-06	1.0829222e-06	0	1.1124729e-19
700	700	0	-0.0011989995	8.5642622e-07	8.5643353e-07	0	4.9906089e-20

0	0.0007	0.0007	-1.1221252	-1.2019154e-17	0.61611808	0.6786715	120.97932
0	0.0014871346	0.0014871346	-1.1211071	-1.1987525e-17	0.61479313	0.67717127	56.727124
0	0.0023722501	0.0023722501	-1.119965	-1.19534e-17	0.6132892	0.67548077	35.429845
0	0.0033675431	0.0033675431	-1.1186841	-1.191501e-17	0.61163428	0.67361558	24.85004
0	0.0044867281	0.0044867281	-1.1172478	-1.1872004e-17	0.60976966	0.67151531	18.560727
0	0.005745227	0.005745227	-1.1156381	-1.1823989e-17	0.60768154	0.66916425	14.416227
0	0.0071603813	0.0071603813	-1.1138347	-1.1770381e-17	0.60535255	0.66654182	11.497005
0	0.0087516912	0.0087516912	-1.1118151	-1.1710551e-17	0.60275166	0.66361349	9.342197
0	0.010541084	0.010541084	-1.1095547	-1.1643842e-17	0.59984817	0.66034503	7.6971509
0	0.012553217	0.012553217	-1.1070259	-1.1569549e-17	0.59661507	0.65670562	6.4082191
0	0.014815816	0.014815816	-1.1041988	-1.1486909e-17	0.59301198	0.65265075	5.3775665
0	0.01736006	0.01736006	-1.1010404	-1.1395098e-17	0.58900449	0.64814161	4.540434
0	0.020221005	0.020221005	-1.0975145	-1.1293247e-17	0.58455758	0.64313846	3.8515519
0	0.023438075	0.023438075	-1.0935819	-1.1180435e-17	0.57962265	0.63758779	3.278482
0	0.0270556	0.0270556	-1.0891996	-1.1055705e-17	0.57415666	0.63144145	2.7978686
0	0.031123426	0.031123426	-1.0843216	-1.0918071e-17	0.56811851	0.62465312	2.3919566
0	0.035697608	0.035697608	-1.0788982	-1.0766532e-17	0.56145864	0.61716795	2.0468798
0	0.040841175	0.040841175	-1.072876	-1.0600082e-17	0.55412471	0.60892832	1.7523166
0	0.046625002	0.046625002	-1.0661988	-1.0417738e-17	0.54607273	0.59988516	1.4999412
0	0.053128789	0.053128789	-1.0588068	-1.0218577e-17	0.53725889	0.58998993	1.2830289
0	0.060442154	0.060442154	-1.0506379	-1.0001751e-17	0.52763373	0.57918893	1.0961301
0	0.068665872	0.068665872	-1.0416276	-9.7665158e-18	0.51715667	0.56743793	0.93491382
0	0.077913262	0.077913262	-1.0317101	-9.5123014e-18	0.50579427	0.55470088	0.79573158
0	0.088311749	0.088311749	-1.0208188	-9.2387647e-18	0.49351986	0.54094984	0.6755492
0	0.10000462	0.10000462	-1.0088878	-8.9457679e-18	0.48031595	0.52616715	0.57180633
0	0.11315299	0.11315299	-0.99585288	-8.63345e-18	0.46617411	0.51034579	0.48233459
0	0.12793805	0.12793805	-0.98165322	-8.3023402e-18	0.45109796	0.49349296	0.40528863
0	0.14456352	0.14456352	-0.96623319	-7.9533935e-18	0.43511161	0.47563876	0.33916501
0	0.1632585	0.1632585	-0.94954373	-7.5878747e-18	0.41826314	0.45683888	0.28252712
0	0.18428059	0.18428059	-0.93154462	-7.2074773e-18	0.40060243	0.43715311	0.234151
0	0.20791947	0.20791947	-0.91220687	-6.8144309e-18	0.38219632	0.41666115	0.1929891
0	0.23450087	0.23450087	-0.89151461	-6.4114328e-18	0.36315016	0.39548367	0.15826515
0	0.26439106	0.26439106	-0.86946534	-6.0012637e-18	0.34359937	0.37377141	0.12902231
0	0.29800193	0.29800193	-0.84607265	-5.5870111e-18	0.32365773	0.35165489	0.10450563
0	0.33579661	0.33579661	-0.82136863	-5.1721663e-18	0.30345193	0.32927966	0.084070693
0	0.3782959	0.3782959	-0.79540445	-4.7604718e-18	0.28314722	0.30683108	0.067261019
0	0.42608542	0.42608542	-0.76824759	-4.3555722e-18	0.26292355	0.28450865	0.053442258
0	0.47982368	0.47982368	-0.73998419	-3.961095e-18	0.24291923	0.26246996	0.042148006
0	0.54025117	0.54025117	-0.71072009	-3.5806073e-18	0.22327195	0.24087146	0.032982684
0	0.60820055	0.60820055	-0.6805778	-3.2172465e-18	0.20416614	0.2199134	0.025729542
0	0.68460813	0.68460813	-0.64968552	-2.8727856e-18	0.18578245	0.19978313	0.019935142
0	0.77052678	0.77052678	-0.61818238	-2.5485303e-18	0.16820806	0.18057178	0.015328774
0	0.86714041	0.86714041	-0.58622037	-2.245637e-18	0.1515163	0.1623564	0.011693353
0	0.9757803	0.9757803	-0.55396092	-1.9653002e-18	0.13578502	0.14521996	0.0088768451
0	1.0979435	1.0979435	-0.52156659	-1.7096048e-18	0.12107176	0.12923361	0.0066848631
0	1.2353133	1.2353133	-0.48920317	-1.4800372e-18	0.10738774	0.11441875	0.0049868052
0	1.3897826	1.3897826	-0.45703964	-1.2769979e-18	0.094733891	0.10077922	0.0036800885
0	1.5634799	1.5634799	-0.42523452	-1.099152e-18	0.083204429	0.088399925	0.0027821749
0	1.7587988	1.7587988	-0.39388727	-9.4105985e-19	0.072875824	0.077317773	0.0020937774
0	1.9784305	1.9784305	-0.36308527	-7.9788712e-19	0.063635407	0.067385949	0.0015604821
0	2.2254016	2.2254016	-0.33292728	-6.667596e-19	0.055375146	0.058477779	0.0011502095
0	2.5031151	2.5031151	-0.3035637	-5.4654438e-19	0.047768739	0.050263504	0.00069586421
0	2.8153979	2.8153979	-0.27536125	-4.3824284e-19	0.040555526	0.042501827	0.00037967425
0	3.166553	3.166553	-0.24869794	-3.4283253e-19	0.033912992	0.035385988	0.00018243213
0	3.5614191	3.5614191	-0.2238613	-2.6057592e-19	0.027957061	0.029037075	6.7279347e-05
0	4.0054374	4.0054374	-0.20102718	-1.9139926e-19	0.022807551	0.023572966	3.147297e-05
0	4.5047263	4.5047263	-0.18018636	-1.3591324e-19	0.018513483	0.019037796	1.5682011e-05
0	5.0661655	5.0661655	-0.16125536	-9.3708377e-20	0.014959011	0.015307163	7.423274e-06
0	5.6974917	5.6974917	-0.14413203	-6.3269012e-20	0.01203573	0.012261768	3.1137545e-06
0	6.407404	6.407404	-0.12870048	-4.2458475e-20	0.0096480933	0.0097942168	1.301088e-06
0	7.2056848	7.2056848	-0.11483251	-2.8477503e-20	0.00771245	0.0078072912	4.3949569e-07
0	8.103334	8.103334	-0.10239695	-1.9048435e-20	0.0061512501	0.0062129204	4.3944591e-08
0	9.1127207	9.1127207	-0.091265723	-1.2634574e-20	0.0048973143	0.0049371079	0
0	10.247754	10.247754	-0.08131245	-8.2569856e-21	0.0038973495	0.0039226031	1.821824e-07
0	11.524074	11.524074	-0.07241628	-5.3422644e-21	0.0030980906	0.0031140615	8.1900576e-08
0	12.959267	12.959267	-0.064473375	-3.4309108e-21	0.0024600565	0.0024701339	3.6802563e-08
0	14.573111	14.573111	-0.057387638	-2.1909762e-21	0.0019517443	0.0019580916	1.6531576e-08
0	16.387843	16.387843	-0.051070799	-1.3930633e-21	0.0015474152	0.0015514074	7.4237819e-09
0	18.428468	18.428468	-0.045442385	-8.8273131e-22	0.0012261942	0.0012287024	3.333004e-09
0	20.723107	20.723107	-0.040429445	-5.5786523e-22	0.00097124603	0.00097282036	1.4961209e-09
0	23.303378	23.303378	-0.035966128	-3.518179e-22	0.00076905167	0.00077003916	6.7148228e-10
0	26.204836	26.204836	-0.03199319	-2.215054e-22	0.00060879145	0.0006094105	3.0133735e-10
0	29.467461	29.467461	-0.028457466	-1.3927619e-22	0.00048182839	0.00048221628	1.3521746e-10
0	33.136212	33.136212	-0.025311339	-8.7480702e-23	0.00038128172	0.00038152468	6.0671206e-11
0	37.261641	37.261641	-0.022512228	-5.4901305e-23	0.00030167845	0.00030183059	2.7221331e-11
0	41.900595	41.900595	-0.020022103	-3.4431917e-23	0.00023867068	0.00023876593	1.2212888e-11
0	47.116997	47.116997	-0.017807024	-2.1582713e-23	0.00018880767	0.00018886729	5.4791592e-12
0	52.982726	52.982726	-0.015836731	-1.3522703e-23	0.00014935278	0.00014939009	2.4580985e-12
0	59.57861	59.57861	-0.014084256	-8.4697529e-24	0.00011813697	0.00011816032	1.10275e-12
0	66.995535	66.995535	-0.012525577	-5.3034363e-24	9.3441929e-05	9.3456537e-05	4.9470835e-13
0	75.335705	75.335705	-0.011139303	-3.3200691e-24	7.390686e-05	7.3915999e-05	2.2193069e-13
0	84.714043	84.714043	-0.009906393	-2.0780649e-24	5.8454442e-05	5.846016e-05	9.9559474e-14
0	95.259777	95.259777	-0.0088098995	-1.3004948e-24	4.6231963e-05	4.623554e-05	4.466279e-14
0	107.11822	107.11822	-0.0078347423	-8.1378169e-25	3.6564608e-05	3.6566845e-05	2.0035851e-14
0	120.45278	120.45278	-0.0069675037	-5.0917479e-25	2.8918427e-05	2.8919826e-05	8.9881219e-15
0	135.44721	135.44721	-0.0061962471	-3.1856165e-25	2.2870972e-05	2.2871848e-05	4.0320851e-15
0	152.3081	152.3081	-0.0055103541	-1.9929393e-25	1.8088046e-05	1.8088594e-05	1.8087989e-15
0	171.26781	171.26781	-0.0049003797	-1.2467339e-25	1.4305282e-05	1.4305625e-05	8.1142974e-16
0	192.58758	192.58758	-0.0043579227	-7.79896e-26	1.1313565e-05	1.1313779e-05	3.6400869e-16
0	216.5612	216.5612	-0.0038755113	-4.8784984e-26	8.9474883e-06	8.9476223e-06	1.6329499e-16
0	243.519	243.519	-0.0034464999	-3.0515807e-26	7.0762275e-06	7.0763113e-06	7.3254502e-17
0	273.83246	273.83246	-0.0030649779	-1.9087757e-26	5.5963085e-06	5.596361e-06	3.2862164e-17
0	307.91927	307.91927	-0.0027256891	-1.1939277e-26	4.4258931e-06	4.4259259e-06	1.4742066e-17
0	346.24915	346.24915	-0.0024239586	-7.4678502e-27	3.5002555e-06	3.5002761e-06	6.6133422e-18
0	389.35025	389.35025	-0.0021556291	-4.6709879e-27	2.768205e-06	2.7682178e-06	2.9667704e-18
0	437.81648	437.81648	-0.0019170032	-2.9215837e-27	2.1892558e-06	2.1892638e-06	1.330906e-18
0	492.3157	492.3157	-0.0017047928	-1.8273641e-27	1.7313888e-06	1.7313938e-06	5.970502e-19
0	553.59887	553.59887	-0.0015160739	-1.1429562e-27	1.3692809e-06	1.369284e-06	2.6783977e-19
0	622.51045	622.51045	-0.001348246	-7.1487863e-28	1.0829052e-06	1.0829071e-06	1.2015431e-19
0	700	700	-0.0011989966	-4.4712978e-28	8.5642286e-07	8.5642409e-07	5.3901891e-20

0.0007	0	0.0007	-1.1221975	0.45236476	0	0.73946728	138.71124
0.0014871346	0	0.0014871346	-1.1212602	0.45155002	0	0.73796036	65.06968
0.0023722501	0	0.0023722501	-1.1202085	0.4506015	0	0.73626714	40.660279
0.0033675431	0	0.0033675431	-1.1190287	0.44957462	0	0.73440168	28.534346
0.0044867281	0	0.0044867281	-1.1177054	0.44840987	0	0.73229686	21.325576
0.005745227	0	0.005745227	-1.1162218	0.4471025	0	0.72993942	16.575103
0.0071603813	0	0.0071603813	-1.114559	0.44564507	0	0.72730884	13.228861
0.0087516912	0	0.0087516912	-1.1126961	0.44401602	0	0.72436946	10.758731
0.010541084	0	0.010541084	-1.11061	0.44219464	0	0.72108588	8.8727485
0.012553217	0	0.012553217	-1.108275	0.44016496	0	0.71742623	7.3948545
0.014815816	0	0.014815816	-1.1056631	0.43789855	0	0.71334481	6.2129466
0.01736006	0	0.01736006	-1.102743	0.43537363	0	0.70880116	5.2527398
0.020221005	0	0.020221005	-1.0994809	0.4325684	0	0.70375351	4.4623682
0.023438075	0	0.023438075	-1.0958393	0.42944806	0	0.69814589	3.8046779
0.0270556	0	0.0270556	-1.0917778	0.42598373	0	0.69192712	3.2528506
0.031123426	0	0.031123426	-1.0872522	0.42214854	0	0.68504718	2.7865328
0.035697608	0	0.035697608	-1.0822148	0.41790727	0	0.67744696	2.3898777
0.040841175	0	0.040841175	-1.0766145	0.41322152	0	0.66906381	2.0510107
0.046625002	0	0.046625002	-1.0703965	0.40806014	0	0.65984243	1.7603841
0.053128789	0	0.053128789	-1.0635026	0.40239078	0	0.64972704	1.510302
0.060442154	0	0.060442154	-1.0558716	0.39617431	0	0.63865633	1.2945329
0.068665872	0	0.068665872	-1.0474395	0.38937742	0	0.62657669	1.1080928
0.077913262	0	0.077913262	-1.0381401	0.38197021	0	0.61344117	0.94680408
0.088311749	0	0.088311749	-1.0279059	0.37392602	0	0.59921027	0.80721349
0.10000462	0	0.10000462	-1.0166687	0.36522486	0	0.58385576	0.6863937
0.11315299	0	0.11315299	-1.0043613	0.35584815	0	0.56735687	0.58185919
0.12793805	0	0.12793805	-0.9909183	0.34578254	0	0.54970605	0.49150854
0.14456352	0	0.14456352	-0.97627825	0.33503044	0	0.53092048	0.41365419
0.1632585	0	0.1632585	-0.96038483	0.32361522	0	0.5110464	0.34666046
0.18428059	0	0.18428059	-0.94318904	0.31155026	0	0.49013011	0.28913795
0.20791947	0	0.20791947	-0.92465191	0.29885843	0	0.4682393	0.23990751
0.23450087	0	0.23450087	-0.90474647	0.28560137	0	0.44549173	0.1981307
0.26439106	0	0.26439106	-0.88345773	0.27187269	0	0.42204346	0.16271157
0.29800193	0	0.29800193	-0.86078602	0.25772959	0	0.39802318	0.13279571
0.33579661	0	0.33579661	-0.83675013	0.24323923	0	0.37357932	0.107661
0.3782959	0	0.3782959	-0.81138843	0.22851288	0	0.34891099	0.086807987
0.42608542	0	0.42608542	-0.78475606	0.21368349	0	0.32423792	0.069517328
0.47982368	0	0.47982368	-0.75692833	0.19883793	0	0.29973462	0.055261527
0.54025117	0	0.54025117	-0.72800272	0.18406781	0	0.27558017	0.043591497
0.60820055	0	0.60820055	-0.69809573	0.1695395	0	0.25202241	0.034292262
0.68460813	0	0.68460813	-0.6673283	0.15543084	0	0.22930232	0.026798507
0.77052678	0	0.77052678	-0.63583366	0.14180369	0	0.20753486	0.020783042
0.86714041	0	0.86714041	-0.60376103	0.1287141	0	0.1868213	0.015986231
0.9757803	0	0.9757803	-0.57127405	0.11620958	0	0.16724545	0.012185071
1.0979435	0	1.0979435	-0.53854932	0.10432879	0	0.14887523	0.0092043519
1.2353133	0	1.2353133	-0.50577307	0.093109141	0	0.13176424	0.0068918911
1.3897826	0	1.3897826	-0.47313738	0.082582874	0	0.11594621	0.0051170443
1.5634799	0	1.5634799	-0.44081753	0.072946967	0	0.10160041	0.0039362393
1.7587988	0	1.7587988	-0.40888936	0.064372184	0	0.088844329	0.0030233565
1.9784305	0	1.9784305	-0.37740655	0.056718695	0	0.077483424	0.0022951972
2.2254016	0	2.2254016	-0.3464411	0.049859778	0	0.067345713	0.0017121437
2.5031151	0	2.5031151	-0.3161255	0.043469353	0	0.058056066	0.0011082378
2.8153979	0	2.8153979	-0.28681774	0.037325931	0	0.049302889	0.00067071702
3.166553	0	3.166553	-0.25889863	0.031634847	0	0.041230465	0.00038249904
3.5614191	0	3.5614191	-0.23266948	0.026524007	0	0.033944835	0.00020352798
4.0054374	0	4.0054374	-0.20834287	0.022055199	0	0.027524226	0.00010395711
4.5047263	0	4.5047263	-0.18603043	0.018196656	0	0.022034795	4.8771457e-05
5.0661655	0	5.0661655	-0.16576721	0.014879274	0	0.017459411	1.8904083e-05
5.6974917	0	5.6974917	-0.14752999	0.012045409	0	0.013727519	3.344618e-06
6.407404	0	6.407404	-0.13123914	0.009668984	0	0.0107594	1.3835454e-06
7.2056848	0	7.2056848	-0.11672566	0.0077349179	0	0.0084450014	1.0623444e-06
8.103334	0	8.103334	-0.10380192	0.006174372	0	0.0066367114	8.2345196e-07
9.1127207	0	9.1127207	-0.092295648	0.0049233806	0	0.0052200344	6.9023733e-07
10.247754	0	10.247754	-0.082054473	0.0039192274	0	0.0041049232	1.7098261e-07
11.524074	0	11.524074	-0.072947966	0.0031139384	0	0.0032300636	7.6626013e-08
12.959267	0	12.959267	-0.064852867	0.0024710584	0	0.002543677	3.4342998e-08
14.573111	0	14.573111	-0.05765768	0.0019591744	0	0.0020045864	1.5393785e-08
16.387843	0	16.387843	-0.051262499	0.0015523389	0	0.0015807375	6.9007885e-09
18.428468	0	18.428468	-0.045578216	0.0012294131	0	0.0012471725	3.0938234e-09
20.723107	0	20.723107	-0.040525545	0.00097332949	0	0.00098443567	1.3871762e-09
23.303378	0	23.303378	-0.036034038	0.00077039015	0	0.00077733571	6.2201702e-10
26.204836	0	26.204836	-0.032041134	0.00060964644	0	0.00061399009	2.7893483e-10
29.467461	0	29.467461	-0.028491289	0.00048237212	0	0.00048508861	1.2509176e-10
33.136212	0	33.136212	-0.025335185	0.00038162632	0	0.00038332522	5.6101727e-11
37.261641	0	37.261641	-0.022529033	0.00030189626	0	0.00030295876	2.5161816e-11
41.900595	0	41.900595	-0.02003394	0.00023880806	0	0.00023947256	1.1285559e-11
47.116997	0	47.116997	-0.01781536	0.00018889418	0	0.00018930977	5.0619404e-12
52.982726	0	52.982726	-0.0158426	0.00014940718	0	0.00014966709	2.2705016e-12
59.57861	0	59.57861	-0.014088387	0.00011817114	0	0.0001183337	1.0184406e-12
66.995535	0	66.995535	-0.012528484	9.3463375e-05	0	9.3565044e-05	4.5683275e-13
75.335705	0	75.335705	-0.011141349	7.3920311e-05	0	7.3983898e-05	2.0492042e-13
84.714043	0	84.714043	-0.0099078324	5.8462874e-05	0	5.8502644e-05	9.192184e-14
95.259777	0	95.259777	-0.0088109122	4.6237246e-05	0	4.6262119e-05	4.1234128e-14
107.11822	0	107.11822	-0.0078354547	3.6567917e-05	0	3.6583474e-05	1.8496896e-14
120.45278	0	120.45278	-0.0069680048	2.8920499e-05	0	2.8930228e-05	8.2974427e-15
135.44721	0	135.44721	-0.0061965996	2.2872269e-05	0	2.2878355e-05	3.7221385e-15
152.3081	0	152.3081	-0.0055106021	1.8088858e-05	0	1.8092665e-05	1.6697185e-15
171.26781	0	171.26781	-0.0049005541	1.4305791e-05	0	1.4308171e-05	7.4902463e-16
192.58758	0	192.58758	-0.0043580454	1.1313883e-05	0	1.1315371e-05	3.3600888e-16
216.5612	0	216.5612	-0.0038755976	8.9476872e-06	0	8.9486184e-06	1.5073253e-16
243.519	0	243.519	-0.0034465605	7.076352e-06	0	7.0769344e-06	6.7618352e-17
273.83246	0	273.83246	-0.0030650206	5.5963864e-06	0	5.5967507e-06	3.0333559e-17
307.91927	0	307.91927	-0.0027257191	4.4259419e-06	0	4.4261697e-06	1.3607651e-17
346.24915	0	346.24915	-0.0024239797	3.500286e-06	0	3.5004285e-06	6.1044125e-18
389.35025	0	389.35025	-0.0021556439	2.7682241e-06	0	2.7683132e-06	2.7384531e-18
437.81648	0	437.81648	-0.0019170136	2.1892677e-06	0	2.1893235e-06	1.2284785e-18
492.3157	0	492.3157	-0.0017048002	1.7313962e-06	0	1.7314311e-06	5.5109955e-19
553.59887	0	553.59887	-0.0015160791	1.3692856e-06	0	1.3693074e-06	2.4722566e-19
622.51045	0	622.51045	-0.0013482497	1.0829081e-06	0	1.0829217e-06	1.1090656e-19
700	0	700	-0.0011989991	8.5642469e-07	0	8.5643322e-07	4.9753246e-20

0.00058	0.00058	0.00058	-1.1221678	0.36246425	0.53574004	0.5911988	132.82063
0.0012321972	0.0012321972	0.0012321972	-1.1211974	0.3617841	0.53463206	0.58994567	62.298255
0.0019655787	0.0019655787	0.0019655787	-1.1201086	0.36100118	0.5333871	0.58854602	38.92269
0.00279025	0.00279025	0.00279025	-1.1188872	0.36014967	0.53201547	0.58699992	27.310375
0.0037175747	0.0037175747	0.0037175747	-1.1175175	0.35918496	0.53046802	0.58525692	20.407042
0.0047603309	0.0047603309	0.0047603309	-1.115982	0.35810272	0.5287349	0.58330554	15.857906
0.0059328874	0.0059328874	0.0059328874	-1.1142613	0.35689668	0.52680179	0.58112867	12.653479
0.0072514013	0.0072514013	0.0072514013	-1.1123339	0.35554828	0.52464148	0.57869623	10.288113
0.0087340412	0.0087340412	0.0087340412	-1.1101758	0.35404153	0.52222896	0.57598019	8.4821847
0.010401237	0.010401237	0.010401237	-1.1077608	0.35236285	0.51954088	0.57295397	7.067023
0.012275962	0.012275962	0.012275962	-1.1050598	0.35048877	0.51654316	0.56957997	5.9353702
0.014384049	0.014384049	0.014384049	-1.102041	0.34840212	0.51320716	0.56582578	5.0160567
0.016754547	0.016754547	0.016754547	-1.0986694	0.34608462	0.50950243	0.56165691	4.259361
0.019420119	0.019420119	0.019420119	-1.0949067	0.34350754	0.50538728	0.55702741	3.629783
0.022417497	0.022417497	0.022417497	-1.0907115	0.3406482	0.5008255	0.55189663	3.1016134
0.025787982	0.025787982	0.025787982	-1.0860386	0.33748491	0.49578131	0.54622418	2.6553463
0.029578018	0.029578018	0.029578018	-1.0808394	0.33398784	0.49021047	0.53996115	2.2758063
0.033839831	0.033839831	0.033839831	-1.0750618	0.33012729	0.48406864	0.53305846	1.9516517
0.038632145	0.038632145	0.038632145	-1.0686501	0.32587839	0.47731652	0.52547218	1.6737249
0.044020997	0.044020997	0.044020997	-1.0615452	0.32121502	0.46991407	0.51715785	1.4346392
0.050080642	0.050080642	0.050080642	-1.0536853	0.31610586	0.46181687	0.50806696	1.2284517
0.05689458	0.05689458	0.05689458	-1.045006	0.31052532	0.45298757	0.49815853	1.0503801
0.064556703	0.064556703	0.064556703	-1.0354408	0.30445033	0.44339339	0.48739693	0.89642262
0.073172592	0.073172592	0.073172592	-1.0249222	0.29786086	0.43300737	0.47575332	0.76327272
0.082860969	0.082860969	0.082860969	-1.0133826	0.29074209	0.42181051	0.46320778	0.64811597
0.093755337	0.093755337	0.093755337	-1.0007554	0.28308075	0.40978932	0.44974721	0.54857432
0.10600581	0.10600581	0.10600581	-0.98697675	0.27486826	0.39693993	0.43536993	0.46263173
0.1197812	0.1197812	0.1197812	-0.9719871	0.26611112	0.38327915	0.42009679	0.38868406
0.13527133	0.13527133	0.13527133	-0.95573255	0.25682871	0.36884143	0.40396786	0.3251245
0.15268963	0.15268963	0.15268963	-0.93816728	0.24703414	0.3536613	0.38702541	0.27063452
0.17227613	0.17227613	0.17227613	-0.91925613	0.23674869	0.33778873	0.36932959	0.22407932
0.19430072	0.19430072	0.19430072	-0.89897633	0.226031	0.32131752	0.35098648	0.18467637
0.21906688	0.21906688	0.21906688	-0.87731762	0.21495276	0.30435766	0.3321191	0.1513138
0.24691589	0.24691589	0.24691589	-0.85428575	0.20356218	0.28700127	0.31283428	0.12319692
0.27823148	0.27823148	0.27823148	-0.82990529	0.19191562	0.26935432	0.29325463	0.099632094
0.31344518	0.31344518	0.31344518	-0.80422013	0.1801111	0.25156797	0.27354892	0.080146947
0.3530422	0.3530422	0.3530422	-0.7772909	0.16824728	0.23379338	0.25388561	0.064017454
0.39756819	0.39756819	0.39756819	-0.74919863	0.15639345	0.2161529	0.2344044	0.050754312
0.44763668	0.44763668	0.44763668	-0.72004605	0.14462231	0.19877181	0.21524757	0.039933214
0.5039376	0.5039376	0.5039376	-0.68995287	0.13308104	0.18184444	0.19662416	0.031349907
0.56724674	0.56724674	0.56724674	-0.65904253	0.12189369	0.16552861	0.1787011	0.024435959
0.63843647	0.63843647	0.63843647	-0.62745147	0.11110926	0.14990183	0.16156331	0.018901775
0.71848776	0.71848776	0.71848776	-0.59533112	0.10077149	0.1350322	0.14528519	0.014501892
0.80850368	0.80850368	0.80850368	-0.56284618	0.090914569	0.12097537	0.12992851	0.011026479
0.9097246	0.9097246	0.9097246	-0.53017293	0.081561613	0.10777654	0.1155468	0.0083085545
1.0235453	1.0235453	1.0235453	-0.49749593	0.072734666	0.095470666	0.10217992	0.00620386
1.1515342	1.1515342	1.1515342	-0.46500442	0.064454052	0.084079939	0.089850617	0.0045951451
1.2954548	1.2954548	1.2954548	-0.43286187	0.056913325	0.073781508	0.078728563	0.0035455426
1.4572904	1.4572904	1.4572904	-0.40113451	0.050208939	0.064623865	0.06884008	0.0027168356
1.639271	1.639271	1.639271	-0.3698782	0.044238547	0.056462495	0.060022312	0.0020577942
1.8439042	1.8439042	1.8439042	-0.33916703	0.038906265	0.049171457	0.052137757	0.0015320081
2.0740097	2.0740097	2.0740097	-0.30915769	0.033882891	0.042395599	0.044824731	0.00095409275
2.3327582	2.3327582	2.3327582	-0.28024244	0.029048117	0.035981767	0.037926902	0.00056001889
2.6237153	2.6237153	2.6237153	-0.25280551	0.024567791	0.030076775	0.031589933	0.00030540774
2.9508901	2.9508901	2.9508901	-0.22714409	0.020543696	0.024775447	0.025908167	0.00015074186
3.318791	3.318791	3.318791	-0.20345122	0.017046761	0.020159041	0.020965526	7.6714212e-05
3.7324875	3.7324875	3.7324875	-0.18178648	0.014055353	0.016249263	0.016794865	3.5794485e-05
4.19768	4.19768	4.19768	-0.16213915	0.011500771	0.012991623	0.013343968	1.3794759e-05
4.7207788	4.7207788	4.7207788	-0.14445385	0.0093281719	0.010316236	0.010536726	2.3790062e-06
5.3089919	5.3089919	5.3089919	-0.12862992	0.0075115551	0.0081629296	0.0083010789	1.3032949e-06
5.9704245	5.9704245	5.9704245	-0.11450259	0.0060265311	0.0064558227	0.0065436075	8.092e-07
6.714191	6.714191	6.714191	-0.10190083	0.0048227674	0.0051044055	0.0051606887	5.4464921e-07
7.55054	7.55054	7.55054	-0.090665904	0.0038535646	0.0040355139	0.0040710941	4.4057291e-07
8.4909961	8.4909961	8.4909961	-0.080654033	0.003073974	0.0031894323	0.0032113626	1.813798e-07
9.5485183	9.5485183	9.5485183	-0.071738531	0.0024471051	0.0025201463	0.0025336969	8.1360274e-08
10.737679	10.737679	10.737679	-0.063803455	0.0019451068	0.0019912062	0.0019995976	3.6492731e-08
12.074863	12.074863	12.074863	-0.056743295	0.0015443075	0.0015733492	0.0015785551	1.6367659e-08
13.578498	13.578498	13.578498	-0.050462869	0.0012250184	0.0012432874	0.001246522	7.3411218e-09
15.269302	15.269302	15.269302	-0.044876774	0.00097108861	0.00098256762	0.00098457984	3.2926041e-09
17.170574	17.170574	17.170574	-0.039908641	0.00076939533	0.00077660135	0.0007778544	1.4767974e-09
19.308513	19.308513	19.308513	-0.035490319	0.00060934837	0.00061386867	0.0006146496	6.6238153e-10
21.712578	21.712578	21.712578	-0.031561075	0.00048244319	0.00048527709	0.00048576412	2.9709959e-10
24.415896	24.415896	24.415896	-0.028066829	0.00038187492	0.00038365073	0.00038395464	1.3326084e-10
27.455718	27.455718	27.455718	-0.024959451	0.00030221341	0.00030332577	0.00030351549	5.9773611e-11
30.873931	30.873931	30.873931	-0.02219612	0.00023913435	0.00023983092	0.0002399494	2.6811587e-11
34.717636	34.717636	34.717636	-0.019738747	0.00018919943	0.00018963553	0.00018970954	1.2026553e-11
39.039797	39.039797	39.039797	-0.017553456	0.00014967811	0.00014995108	0.00014999732	5.3946709e-12
43.899973	43.899973	43.899973	-0.01561012	0.00011840386	0.0001185747	0.0001186036	2.4198776e-12
49.365134	49.365134	49.365134	-0.013881946	9.3658945e-05	9.3765848e-05	9.378391e-05	1.0854905e-12
55.510587	55.510587	55.510587	-0.012345111	7.4082172e-05	7.4149061e-05	7.4160352e-05	4.8692542e-13
62.421013	62.421013	62.421013	-0.010978426	5.8595371e-05	5.8637221e-05	5.8644279e-05	2.1842495e-13
70.191635	70.191635	70.191635	-0.0097630512	4.6344831e-05	4.6371013e-05	4.6375426e-05	9.7981715e-14
78.929529	78.929529	78.929529	-0.0086822332	3.6654746e-05	3.6671125e-05	3.6673884e-05	4.3953203e-14
88.755099	88.755099	88.755099	-0.0077210732	2.8990255e-05	2.9000501e-05	2.9002226e-05	1.971689e-14
99.803736	99.803736	99.803736	-0.0068663225	2.2928114e-05	2.2934523e-05	2.2935602e-05	8.8448087e-15
112.22768	112.22768	112.22768	-0.0061061997	1.8133444e-05	1.8137453e-05	1.8138128e-05	3.9677141e-15
126.19814	126.19814	126.19814	-0.0054302278	1.4341313e-05	1.4343821e-05	1.4344243e-05	1.7798934e-15
141.90761	141.90761	141.90761	-0.0048290902	1.1342138e-05	1.1343707e-05	1.1343971e-05	7.9845258e-16
159.57257	159.57257	159.57257	-0.0042945017	8.9701344e-06	8.9711154e-06	8.9712805e-06	3.5818352e-16
179.43642	179.43642	179.43642	-0.0038190946	7.094167e-06	7.0947806e-06	7.0948838e-06	1.6068053e-16
201.77289	201.77289	201.77289	-0.0033963169	5.6105142e-06	5.610898e-06	5.6109626e-06	7.2081197e-17
226.88975	226.88975	226.88975	-0.0030203421	4.4371389e-06	4.4373789e-06	4.4374193e-06	3.2335655e-17
255.13311	255.13311	255.13311	-0.0026859888	3.509156e-06	3.5093062e-06	3.5093314e-06	1.4505816e-17
286.89215	286.89215	286.89215	-0.0023886491	2.7752481e-06	2.775342e-06	2.7753578e-06	6.5073386e-18
322.60449	322.60449	322.60449	-0.0021242255	2.1948283e-06	2.194887e-06	2.1948969e-06	2.9192099e-18
362.76223	362.76223	362.76223	-0.0018890739	1.7357972e-06	1.735834e-06	1.7358402e-06	1.3095674e-18
407.91872	407.91872	407.91872	-0.001679954	1.3727683e-06	1.3727912e-06	1.3727951e-06	5.8747713e-19
458.69621	458.69621	458.69621	-0.0014939837	1.0856637e-06	1.085678e-06	1.0856805e-06	2.6354472e-19
515.79437	515.79437	515.79437	-0.0013286005	8.5860473e-07	8.5861372e-07	8.5861524e-07	1.1822741e-19
580	580	580	-0.0011815253	6.7903346e-07	6.7903908e-07	6.7904003e-07	5.3037451e-20

