# R     RhoDM      RhoGas     MDM      MGas      TGas      FGrav
0.0001 2.718e-22 1.244e-25 1.493e+38 6.704e+34 10.9 0.7326
0.0001048 2.593e-22 1.244e-25 1.64e+38 7.734e+34 10.9 0.7326
0.0001099 2.474e-22 1.244e-25 1.802e+38 8.921e+34 10.9 0.7326
0.0001152 2.36e-22 1.244e-25 1.98e+38 1.029e+35 10.9 0.7326
0.0001207 2.251e-22 1.244e-25 2.176e+38 1.187e+35 10.9 0.7326
0.0001265 2.148e-22 1.244e-25 2.39e+38 1.369e+35 10.9 0.7326
0.0001326 2.049e-22 1.244e-25 2.626e+38 1.578e+35 10.9 0.7326
0.000139 1.955e-22 1.244e-25 2.886e+38 1.82e+35 10.9 0.7326
0.0001457 1.865e-22 1.244e-25 3.17e+38 2.098e+35 10.9 0.7326
0.0001528 1.779e-22 1.244e-25 3.484e+38 2.419e+35 10.9 0.7326
0.0001601 1.697e-22 1.244e-25 3.827e+38 2.789e+35 10.9 0.7326
0.0001678 1.619e-22 1.244e-25 4.205e+38 3.216e+35 10.89 0.7326
0.0001759 1.545e-22 1.244e-25 4.62e+38 3.707e+35 10.89 0.7326
0.0001844 1.474e-22 1.244e-25 5.077e+38 4.273e+35 10.89 0.7326
0.0001933 1.406e-22 1.244e-25 5.578e+38 4.926e+35 10.89 0.7326
0.0002026 1.341e-22 1.244e-25 6.129e+38 5.678e+35 10.89 0.7325
0.0002124 1.28e-22 1.244e-25 6.734e+38 6.544e+35 10.89 0.7325
0.0002226 1.221e-22 1.244e-25 7.398e+38 7.543e+35 10.89 0.7325
0.0002334 1.165e-22 1.244e-25 8.129e+38 8.693e+35 10.89 0.7325
0.0002446 1.111e-22 1.244e-25 8.931e+38 1.002e+36 10.89 0.7325
0.0002564 1.06e-22 1.244e-25 9.813e+38 1.155e+36 10.89 0.7325
0.0002688 1.011e-22 1.244e-25 1.078e+39 1.331e+36 10.89 0.7325
0.0002817 9.648e-23 1.244e-25 1.185e+39 1.533e+36 10.89 0.7325
0.0002953 9.204e-23 1.244e-25 1.302e+39 1.767e+36 10.89 0.7324
0.0003095 8.781e-23 1.244e-25 1.43e+39 2.036e+36 10.89 0.7324
0.0003244 8.377e-23 1.244e-25 1.571e+39 2.346e+36 10.89 0.7324
0.0003401 7.992e-23 1.244e-25 1.726e+39 2.703e+36 10.88 0.7324
0.0003565 7.624e-23 1.244e-25 1.897e+39 3.115e+36 10.88 0.7324
0.0003736 7.274e-23 1.244e-25 2.084e+39 3.589e+36 10.88 0.7324
0.0003917 6.939e-23 1.244e-25 2.29e+39 4.135e+36 10.88 0.7323
0.0004105 6.62e-23 1.244e-25 2.516e+39 4.764e+36 10.88 0.7323
0.0004303 6.316e-23 1.244e-25 2.764e+39 5.488e+36 10.88 0.7323
0.0004511 6.025e-23 1.244e-25 3.037e+39 6.323e+36 10.88 0.7323
0.0004728 5.748e-23 1.244e-25 3.337e+39 7.285e+36 10.88 0.7323
0.0004956 5.484e-23 1.244e-25 3.667e+39 8.392e+36 10.88 0.7322
0.0005195 5.232e-23 1.244e-25 4.029e+39 9.668e+36 10.87 0.7322
0.0005445 4.991e-23 1.244e-25 4.426e+39 1.114e+37 10.87 0.7322
0.0005708 4.761e-23 1.244e-25 4.863e+39 1.283e+37 10.87 0.7322
0.0005983 4.542e-23 1.244e-25 5.344e+39 1.478e+37 10.87 0.7321
0.0006271 4.334e-23 1.244e-25 5.871e+39 1.703e+37 10.87 0.7321
0.0006574 4.134e-23 1.244e-25 6.451e+39 1.961e+37 10.87 0.7321
0.0006891 3.944e-23 1.244e-25 7.088e+39 2.259e+37 10.87 0.732
0.0007223 3.763e-23 1.244e-25 7.787e+39 2.603e+37 10.86 0.732
0.0007571 3.59e-23 1.244e-25 8.556e+39 2.998e+37 10.86 0.732
0.0007936 3.425e-23 1.244e-25 9.401e+39 3.453e+37 10.86 0.7319
0.0008318 3.267e-23 1.244e-25 1.033e+40 3.978e+37 10.86 0.7319
0.0008719 3.117e-23 1.244e-25 1.135e+40 4.582e+37 10.85 0.7318
0.000914 2.974e-23 1.244e-25 1.247e+40 5.278e+37 10.85 0.7318
0.000958 2.837e-23 1.244e-25 1.37e+40 6.079e+37 10.85 0.7317
0.001004 2.706e-23 1.244e-25 1.505e+40 7.002e+37 10.85 0.7317
0.001053 2.582e-23 1.244e-25 1.654e+40 8.065e+37 10.84 0.7316
0.001103 2.463e-23 1.244e-25 1.817e+40 9.289e+37 10.84 0.7316
0.001157 2.35e-23 1.244e-25 1.997e+40 1.07e+38 10.84 0.7315
0.001212 2.242e-23 1.244e-25 2.194e+40 1.232e+38 10.84 0.7315
0.001271 2.139e-23 1.244e-25 2.41e+40 1.419e+38 10.83 0.7314
0.001332 2.04e-23 1.244e-25 2.648e+40 1.635e+38 10.83 0.7314
0.001396 1.947e-23 1.244e-25 2.91e+40 1.883e+38 10.83 0.7313
0.001463 1.857e-23 1.244e-25 3.197e+40 2.169e+38 10.82 0.7312
0.001534 1.772e-23 1.244e-25 3.513e+40 2.498e+38 10.82 0.7311
0.001608 1.69e-23 1.244e-25 3.859e+40 2.877e+38 10.81 0.7311
0.001685 1.612e-23 1.244e-25 4.241e+40 3.313e+38 10.81 0.731
0.001767 1.538e-23 1.244e-25 4.659e+40 3.816e+38 10.81 0.7309
0.001852 1.468e-23 1.244e-25 5.119e+40 4.394e+38 10.8 0.7308
0.001941 1.4e-23 1.244e-25 5.625e+40 5.061e+38 10.8 0.7307
0.002035 1.336e-23 1.244e-25 6.18e+40 5.829e+38 10.79 0.7306
0.002133 1.274e-23 1.244e-25 6.79e+40 6.713e+38 10.79 0.7305
0.002236 1.216e-23 1.244e-25 7.46e+40 7.731e+38 10.78 0.7304
0.002343 1.16e-23 1.244e-25 8.197e+40 8.904e+38 10.77 0.7303
0.002456 1.106e-23 1.244e-25 9.006e+40 1.025e+39 10.77 0.7302
0.002575 1.056e-23 1.244e-25 9.895e+40 1.181e+39 10.76 0.73
0.002699 1.007e-23 1.244e-25 1.087e+41 1.36e+39 10.75 0.7299
0.002829 9.607e-24 1.244e-25 1.195e+41 1.566e+39 10.75 0.7298
0.002965 9.165e-24 1.244e-25 1.313e+41 1.804e+39 10.74 0.7296
0.003108 8.744e-24 1.243e-25 1.442e+41 2.078e+39 10.73 0.7295
0.003258 8.342e-24 1.243e-25 1.584e+41 2.393e+39 10.72 0.7293
0.003415 7.958e-24 1.243e-25 1.741e+41 2.756e+39 10.72 0.7291
0.00358 7.592e-24 1.243e-25 1.913e+41 3.174e+39 10.71 0.729
0.003752 7.243e-24 1.243e-25 2.102e+41 3.655e+39 10.7 0.7288
0.003933 6.91e-24 1.243e-25 2.309e+41 4.209e+39 10.69 0.7286
0.004123 6.592e-24 1.243e-25 2.537e+41 4.847e+39 10.68 0.7284
0.004321 6.289e-24 1.243e-25 2.788e+41 5.582e+39 10.67 0.7282
0.00453 6e-24 1.243e-25 3.063e+41 6.429e+39 10.66 0.728
0.004748 5.724e-24 1.243e-25 3.365e+41 7.404e+39 10.65 0.7278
0.004977 5.461e-24 1.242e-25 3.697e+41 8.526e+39 10.63 0.7275
0.005217 5.209e-24 1.242e-25 4.062e+41 9.819e+39 10.62 0.7273
0.005468 4.97e-24 1.242e-25 4.463e+41 1.131e+40 10.61 0.727
0.005732 4.741e-24 1.242e-25 4.904e+41 1.302e+40 10.6 0.7267
0.006008 4.523e-24 1.242e-25 5.388e+41 1.5e+40 10.58 0.7264
0.006298 4.315e-24 1.241e-25 5.92e+41 1.727e+40 10.57 0.7261
0.006601 4.117e-24 1.241e-25 6.505e+41 1.989e+40 10.55 0.7258
0.006919 3.928e-24 1.241e-25 7.147e+41 2.29e+40 10.54 0.7255
0.007253 3.747e-24 1.241e-25 7.852e+41 2.637e+40 10.52 0.7251
0.007602 3.575e-24 1.24e-25 8.628e+41 3.037e+40 10.5 0.7248
0.007969 3.41e-24 1.24e-25 9.479e+41 3.498e+40 10.49 0.7244
0.008353 3.253e-24 1.239e-25 1.042e+42 4.028e+40 10.47 0.724
0.008756 3.104e-24 1.239e-25 1.144e+42 4.638e+40 10.45 0.7236
0.009178 2.961e-24 1.239e-25 1.257e+42 5.34e+40 10.43 0.7231
0.00962 2.825e-24 1.238e-25 1.381e+42 6.149e+40 10.41 0.7227
0.01008 2.695e-24 1.237e-25 1.518e+42 7.08e+40 10.39 0.7222
0.01057 2.571e-24 1.237e-25 1.668e+42 8.152e+40 10.37 0.7217
0.01108 2.453e-24 1.236e-25 1.832e+42 9.386e+40 10.34 0.7212
0.01161 2.34e-24 1.235e-25 2.013e+42 1.081e+41 10.32 0.7206
0.01217 2.232e-24 1.234e-25 2.212e+42 1.244e+41 10.3 0.7201
0.01276 2.13e-24 1.233e-25 2.43e+42 1.432e+41 10.27 0.7195
0.01338 2.032e-24 1.232e-25 2.67e+42 1.649e+41 10.25 0.7188
0.01402 1.938e-24 1.231e-25 2.934e+42 1.898e+41 10.22 0.7182
0.0147 1.849e-24 1.23e-25 3.224e+42 2.185e+41 10.19 0.7175
0.0154 1.764e-24 1.229e-25 3.542e+42 2.514e+41 10.16 0.7168
0.01615 1.683e-24 1.227e-25 3.891e+42 2.894e+41 10.13 0.716
0.01692 1.606e-24 1.225e-25 4.276e+42 3.33e+41 10.11 0.7152
0.01774 1.532e-24 1.224e-25 4.698e+42 3.832e+41 10.07 0.7144
0.0186 1.461e-24 1.222e-25 5.161e+42 4.41e+41 10.04 0.7135
0.01949 1.394e-24 1.22e-25 5.671e+42 5.074e+41 10.01 0.7126
0.02043 1.33e-24 1.217e-25 6.231e+42 5.837e+41 9.978 0.7117
0.02142 1.269e-24 1.215e-25 6.846e+42 6.715e+41 9.945 0.7107
0.02245 1.21e-24 1.212e-25 7.522e+42 7.723e+41 9.91 0.7096
0.02353 1.155e-24 1.209e-25 8.264e+42 8.882e+41 9.876 0.7085
0.02467 1.102e-24 1.205e-25 9.08e+42 1.021e+42 9.841 0.7074
0.02585 1.051e-24 1.202e-25 9.977e+42 1.174e+42 9.805 0.7062
0.0271 1.003e-24 1.198e-25 1.096e+43 1.35e+42 9.769 0.705
0.02841 9.565e-25 1.193e-25 1.204e+43 1.551e+42 9.733 0.7037
0.02978 9.125e-25 1.189e-25 1.323e+43 1.782e+42 9.696 0.7023
0.03121 8.705e-25 1.183e-25 1.454e+43 2.048e+42 9.659 0.7009
0.03272 8.304e-25 1.178e-25 1.597e+43 2.352e+42 9.623 0.6995
0.03429 7.922e-25 1.172e-25 1.755e+43 2.7e+42 9.586 0.6979
0.03595 7.558e-25 1.165e-25 1.928e+43 3.1e+42 9.55 0.6963
0.03768 7.21e-25 1.158e-25 2.119e+43 3.557e+42 9.514 0.6946
0.03949 6.879e-25 1.151e-25 2.328e+43 4.081e+42 9.479 0.6929
0.0414 6.562e-25 1.142e-25 2.558e+43 4.68e+42 9.445 0.691
0.04339 6.26e-25 1.133e-25 2.81e+43 5.365e+42 9.411 0.6891
0.04549 5.972e-25 1.124e-25 3.088e+43 6.147e+42 9.379 0.6871
0.04768 5.697e-25 1.113e-25 3.392e+43 7.041e+42 9.348 0.685
0.04998 5.435e-25 1.102e-25 3.727e+43 8.06e+42 9.318 0.6829
0.05239 5.185e-25 1.091e-25 4.095e+43 9.222e+42 9.29 0.6806
0.05491 4.947e-25 1.078e-25 4.499e+43 1.055e+43 9.264 0.6783
0.05756 4.719e-25 1.065e-25 4.943e+43 1.205e+43 9.241 0.6758
0.06033 4.502e-25 1.05e-25 5.431e+43 1.377e+43 9.219 0.6732
0.06324 4.295e-25 1.035e-25 5.967e+43 1.571e+43 9.201 0.6706
0.06629 4.097e-25 1.019e-25 6.556e+43 1.792e+43 9.185 0.6678
0.06948 3.909e-25 1.002e-25 7.204e+43 2.043e+43 9.172 0.6649
0.07283 3.729e-25 9.845e-26 7.915e+43 2.327e+43 9.163 0.6619
0.07634 3.557e-25 9.659e-26 8.696e+43 2.647e+43 9.157 0.6588
0.08002 3.393e-25 9.464e-26 9.554e+43 3.01e+43 9.155 0.6555
0.08388 3.237e-25 9.261e-26 1.05e+44 3.419e+43 9.157 0.6521
0.08792 3.088e-25 9.05e-26 1.153e+44 3.879e+43 9.163 0.6486
0.09216 2.946e-25 8.832e-26 1.267e+44 4.398e+43 9.173 0.645
0.0966 2.81e-25 8.606e-26 1.392e+44 4.98e+43 9.187 0.6412
0.1013 2.681e-25 8.374e-26 1.53e+44 5.634e+43 9.207 0.6373
0.1061 2.558e-25 8.136e-26 1.681e+44 6.366e+43 9.231 0.6332
0.1113 2.44e-25 7.893e-26 1.846e+44 7.185e+43 9.259 0.6289
0.1166 2.328e-25 7.645e-26 2.029e+44 8.1e+43 9.293 0.6246
0.1222 2.22e-25 7.394e-26 2.229e+44 9.121e+43 9.332 0.62
0.1281 2.118e-25 7.14e-26 2.449e+44 1.026e+44 9.375 0.6153
0.1343 2.021e-25 6.883e-26 2.69e+44 1.152e+44 9.424 0.6104
0.1408 1.928e-25 6.625e-26 2.956e+44 1.292e+44 9.478 0.6054
0.1476 1.839e-25 6.367e-26 3.248e+44 1.448e+44 9.537 0.6002
0.1547 1.754e-25 6.11e-26 3.568e+44 1.62e+44 9.6 0.5948
0.1621 1.673e-25 5.853e-26 3.92e+44 1.81e+44 9.669 0.5893
0.17 1.596e-25 5.599e-26 4.307e+44 2.02e+44 9.743 0.5835
0.1781 1.523e-25 5.348e-26 4.732e+44 2.251e+44 9.822 0.5776
0.1867 1.453e-25 5.1e-26 5.199e+44 2.506e+44 9.905 0.5715
0.1957 1.386e-25 4.856e-26 5.712e+44 2.785e+44 9.993 0.5653
0.2052 1.322e-25 4.617e-26 6.275e+44 3.092e+44 10.09 0.5588
0.2151 1.261e-25 4.384e-26 6.894e+44 3.428e+44 10.18 0.5522
0.2254 1.203e-25 4.156e-26 7.574e+44 3.795e+44 10.29 0.5454
0.2363 1.147e-25 3.935e-26 8.321e+44 4.196e+44 10.39 0.5384
0.2477 1.094e-25 3.721e-26 9.142e+44 4.633e+44 10.5 0.5312
0.2596 1.044e-25 3.513e-26 1.004e+45 5.11e+44 10.62 0.5238
0.2721 9.959e-26 3.313e-26 1.103e+45 5.629e+44 10.73 0.5163
0.2853 9.499e-26 3.121e-26 1.212e+45 6.193e+44 10.86 0.5086
0.299 9.061e-26 2.936e-26 1.332e+45 6.805e+44 10.98 0.5007
0.3134 8.643e-26 2.76e-26 1.463e+45 7.468e+44 11.11 0.4926
0.3285 8.244e-26 2.591e-26 1.608e+45 8.187e+44 11.24 0.4844
0.3444 7.864e-26 2.429e-26 1.766e+45 8.965e+44 11.37 0.476
0.361 7.501e-26 2.276e-26 1.94e+45 9.806e+44 11.51 0.4675
0.3784 7.155e-26 2.131e-26 2.131e+45 1.071e+45 11.64 0.4589
0.3966 6.825e-26 1.993e-26 2.342e+45 1.17e+45 11.78 0.4501
0.4157 6.509e-26 1.862e-26 2.572e+45 1.275e+45 11.92 0.4411
0.4358 6.209e-26 1.739e-26 2.826e+45 1.389e+45 12.06 0.4321
0.4568 5.922e-26 1.622e-26 3.105e+45 1.512e+45 12.2 0.4229
0.4788 5.648e-26 1.513e-26 3.411e+45 1.644e+45 12.34 0.4136
0.5019 5.387e-26 1.41e-26 3.747e+45 1.786e+45 12.48 0.4042
0.526 5.138e-26 1.313e-26 4.116e+45 1.939e+45 12.62 0.3947
0.5514 4.901e-26 1.223e-26 4.521e+45 2.103e+45 12.75 0.3852
0.578 4.674e-26 1.138e-26 4.967e+45 2.279e+45 12.89 0.3756
0.6058 4.458e-26 1.058e-26 5.456e+45 2.468e+45 13.02 0.3659
0.635 4.252e-26 9.841e-27 5.994e+45 2.671e+45 13.14 0.3563
0.6657 4.055e-26 9.149e-27 6.584e+45 2.889e+45 13.27 0.3466
0.6977 3.867e-26 8.503e-27 7.232e+45 3.123e+45 13.39 0.3368
0.7314 3.688e-26 7.902e-27 7.945e+45 3.374e+45 13.51 0.3271
0.7666 3.517e-26 7.342e-27 8.727e+45 3.643e+45 13.62 0.3173
0.8036 3.354e-26 6.821e-27 9.586e+45 3.932e+45 13.72 0.3076
0.8423 3.198e-26 6.337e-27 1.053e+46 4.241e+45 13.82 0.298
0.8829 3.05e-26 5.887e-27 1.157e+46 4.573e+45 13.92 0.2884
0.9255 2.909e-26 5.469e-27 1.27e+46 4.929e+45 14 0.2788
0.9701 2.773e-26 5.082e-27 1.395e+46 5.311e+45 14.08 0.2694
1.017 2.645e-26 4.723e-27 1.533e+46 5.721e+45 14.15 0.2601
1.066 2.522e-26 4.389e-27 1.683e+46 6.161e+45 14.21 0.2508
1.117 2.405e-26 4.081e-27 1.849e+46 6.633e+45 14.26 0.2417
1.171 2.293e-26 3.795e-27 2.031e+46 7.14e+45 14.31 0.2326
1.228 2.186e-26 3.53e-27 2.23e+46 7.685e+45 14.34 0.2237
1.287 2.084e-26 3.285e-27 2.45e+46 8.27e+45 14.36 0.215
1.349 1.987e-26 3.058e-27 2.69e+46 8.899e+45 14.37 0.2064
1.414 1.894e-26 2.848e-27 2.955e+46 9.576e+45 14.37 0.198
1.482 1.806e-26 2.653e-27 3.245e+46 1.03e+46 14.35 0.1897
1.553 1.722e-26 2.473e-27 3.563e+46 1.109e+46 14.33 0.1817
1.628 1.641e-26 2.307e-27 3.913e+46 1.193e+46 14.28 0.1738
1.707 1.565e-26 2.153e-27 4.297e+46 1.284e+46 14.23 0.1662
1.789 1.491e-26 2.011e-27 4.719e+46 1.382e+46 14.16 0.1587
1.875 1.421e-26 1.879e-27 5.181e+46 1.488e+46 14.07 0.1514
1.966 1.355e-26 1.757e-27 5.689e+46 1.603e+46 13.97 0.1443
2.06 1.291e-26 1.644e-27 6.247e+46 1.726e+46 13.86 0.1375
2.16 1.231e-26 1.539e-27 6.859e+46 1.86e+46 13.73 0.1308
2.264 1.173e-26 1.442e-27 7.531e+46 2.004e+46 13.58 0.1244
2.373 1.118e-26 1.352e-27 8.268e+46 2.161e+46 13.42 0.1182
2.487 1.065e-26 1.269e-27 9.078e+46 2.331e+46 13.24 0.1123
2.607 1.015e-26 1.192e-27 9.966e+46 2.515e+46 13.04 0.1065
2.733 9.668e-27 1.12e-27 1.094e+47 2.715e+46 12.83 0.101
2.864 9.211e-27 1.053e-27 1.201e+47 2.932e+46 12.6 0.09564
3.003 8.775e-27 9.911e-28 1.318e+47 3.168e+46 12.36 0.0905
3.147 8.359e-27 9.334e-28 1.447e+47 3.425e+46 12.1 0.08557
3.299 7.962e-27 8.797e-28 1.588e+47 3.705e+46 11.82 0.08085
3.458 7.584e-27 8.296e-28 1.743e+47 4.01e+46 11.53 0.07633
3.625 7.223e-27 7.829e-28 1.913e+47 4.341e+46 11.23 0.07203
3.799 6.878e-27 7.393e-28 2.099e+47 4.703e+46 10.91 0.06793
3.983 6.55e-27 6.986e-28 2.304e+47 5.098e+46 10.58 0.06403
4.175 6.236e-27 6.605e-28 2.528e+47 5.529e+46 10.23 0.0603
4.376 5.937e-27 6.248e-28 2.774e+47 6.001e+46 9.872 0.05675
4.587 5.652e-27 5.914e-28 3.043e+47 6.516e+46 9.499 0.05337
4.808 5.38e-27 5.601e-28 3.339e+47 7.081e+46 9.113 0.05016
5.04 5.121e-27 5.307e-28 3.662e+47 7.701e+46 8.716 0.04708
5.282 4.873e-27 5.03e-28 4.017e+47 8.383e+46 8.308 0.04408
5.537 4.637e-27 4.77e-28 4.406e+47 9.134e+46 7.894 0.04113
5.804 4.412e-27 4.526e-28 4.833e+47 9.962e+46 7.473 0.03823
6.084 4.197e-27 4.295e-28 5.3e+47 1.088e+47 7.051 0.03537
6.377 3.992e-27 4.078e-28 5.811e+47 1.189e+47 6.628 0.03258
6.684 3.797e-27 3.873e-28 6.372e+47 1.301e+47 6.21 0.0299
7.007 3.611e-27 3.68e-28 6.986e+47 1.425e+47 5.799 0.02734
7.344 3.433e-27 3.497e-28 7.658e+47 1.563e+47 5.397 0.02491
7.698 3.263e-27 3.324e-28 8.394e+47 1.716e+47 5.005 0.02261
8.069 3.102e-27 3.161e-28 9.2e+47 1.885e+47 4.626 0.02046
8.458 2.948e-27 3.006e-28 1.008e+48 2.073e+47 4.259 0.01847
8.866 2.801e-27 2.859e-28 1.105e+48 2.28e+47 3.905 0.01667
9.293 2.661e-27 2.72e-28 1.21e+48 2.51e+47 3.563 0.01505
9.741 2.527e-27 2.589e-28 1.326e+48 2.764e+47 3.232 0.0136
10.21 2.4e-27 2.464e-28 1.452e+48 3.045e+47 2.91 0.0123
10.7 2.278e-27 2.345e-28 1.591e+48 3.355e+47 2.596 0.01113
11.22 2.162e-27 2.233e-28 1.742e+48 3.698e+47 2.29 0.01008
11.76 2.052e-27 2.126e-28 1.907e+48 4.076e+47 1.991 0.009142
12.33 1.947e-27 2.025e-28 2.087e+48 4.493e+47 1.695 0.008296
12.92 1.846e-27 1.928e-28 2.284e+48 4.953e+47 1.405 0.007531
13.54 1.751e-27 1.837e-28 2.5e+48 5.46e+47 1.118 0.006828
14.2 1.66e-27 1.749e-28 2.735e+48 6.019e+47 0.8349 0.006183
14.88 1.573e-27 1.667e-28 2.992e+48 6.636e+47 0.5544 0.005599
15.6 1.49e-27 1.588e-28 3.272e+48 7.315e+47 0.2763 0.005074
16.35 1.412e-27 1.513e-28 3.577e+48 8.063e+47 -0.0001901 0.004602
