R/R500   log(R/R500)    P/P500    log(P/P500)  RhoGas   TGas
0.000149  -3.828   56.366067  1.751  2.98e-26   29.4 
0.000155  -3.810   56.366067  1.751  2.98e-26   29.4 
0.000162  -3.792   56.366067  1.751  2.98e-26   29.4 
0.000168  -3.774   56.366067  1.751  2.98e-26   29.4 
0.000175  -3.756   56.366067  1.751  2.98e-26   29.4 
0.000183  -3.738   56.366067  1.751  2.98e-26   29.4 
0.000190  -3.721   56.366067  1.751  2.98e-26   29.4 
0.000198  -3.703   56.366067  1.751  2.98e-26   29.4 
0.000207  -3.685   56.346862  1.751  2.98e-26   29.3 
0.000215  -3.667   56.346862  1.751  2.98e-26   29.3 
0.000224  -3.649   56.346862  1.751  2.98e-26   29.3 
0.000234  -3.632   56.346862  1.751  2.98e-26   29.3 
0.000243  -3.614   56.346862  1.751  2.98e-26   29.3 
0.000254  -3.596   56.346862  1.751  2.98e-26   29.3 
0.000264  -3.578   56.346862  1.751  2.98e-26   29.3 
0.000275  -3.560   56.327657  1.751  2.98e-26   29.3 
0.000287  -3.542   56.327657  1.751  2.98e-26   29.3 
0.000299  -3.525   56.327657  1.751  2.98e-26   29.3 
0.000311  -3.507   56.327657  1.751  2.98e-26   29.3 
0.000324  -3.489   56.327657  1.751  2.98e-26   29.3 
0.000338  -3.471   56.308453  1.751  2.98e-26   29.3 
0.000352  -3.453   56.308453  1.751  2.98e-26   29.3 
0.000367  -3.436   56.308453  1.751  2.98e-26   29.3 
0.000382  -3.418   56.308453  1.751  2.98e-26   29.3 
0.000398  -3.400   56.289248  1.750  2.98e-26   29.3 
0.000415  -3.382   56.289248  1.750  2.98e-26   29.3 
0.000432  -3.364   56.289248  1.750  2.98e-26   29.3 
0.000450  -3.346   56.289248  1.750  2.98e-26   29.3 
0.000469  -3.329   56.270043  1.750  2.98e-26   29.3 
0.000489  -3.311   56.270043  1.750  2.98e-26   29.3 
0.000509  -3.293   56.270043  1.750  2.98e-26   29.3 
0.000531  -3.275   56.250838  1.750  2.98e-26   29.3 
0.000553  -3.257   56.250838  1.750  2.98e-26   29.3 
0.000576  -3.240   56.250838  1.750  2.98e-26   29.3 
0.000600  -3.222   56.231633  1.750  2.98e-26   29.3 
0.000625  -3.204   56.231633  1.750  2.98e-26   29.3 
0.000652  -3.186   56.212429  1.750  2.98e-26   29.3 
0.000679  -3.168   56.193546  1.750  2.98e-26   29.3 
0.000707  -3.150   56.193546  1.750  2.98e-26   29.3 
0.000737  -3.133   56.174348  1.750  2.98e-26   29.3 
0.000768  -3.115   56.174348  1.750  2.98e-26   29.3 
0.000800  -3.097   56.155150  1.749  2.98e-26   29.2 
0.000834  -3.079   56.155150  1.749  2.98e-26   29.2 
0.000868  -3.061   56.135951  1.749  2.98e-26   29.2 
0.000905  -3.043   56.116753  1.749  2.98e-26   29.2 
0.000943  -3.026   56.116753  1.749  2.98e-26   29.2 
0.000982  -3.008   56.097555  1.749  2.98e-26   29.2 
0.001023  -2.990   56.097555  1.749  2.98e-26   29.2 
0.001066  -2.972   56.078356  1.749  2.98e-26   29.2 
0.001111  -2.954   56.059158  1.749  2.98e-26   29.2 
0.001157  -2.937   56.059158  1.749  2.98e-26   29.2 
0.001206  -2.919   56.039960  1.748  2.98e-26   29.2 
0.001256  -2.901   56.020761  1.748  2.98e-26   29.2 
0.001309  -2.883   56.001563  1.748  2.98e-26   29.2 
0.001364  -2.865   55.982365  1.748  2.98e-26   29.2 
0.001421  -2.847   55.982365  1.748  2.98e-26   29.2 
0.001480  -2.830   55.963166  1.748  2.98e-26   29.1 
0.001542  -2.812   55.943968  1.748  2.98e-26   29.1 
0.001606  -2.794   55.905978  1.747  2.98e-26   29.1 
0.001675  -2.776   55.886786  1.747  2.98e-26   29.1 
0.001745  -2.758   55.867594  1.747  2.98e-26   29.1 
0.001818  -2.740   55.848402  1.747  2.98e-26   29.1 
0.001893  -2.723   55.829210  1.747  2.98e-26   29.1 
0.001972  -2.705   55.810018  1.747  2.98e-26   29.1 
0.002056  -2.687   55.771634  1.746  2.98e-26   29.1 
0.002142  -2.669   55.733702  1.746  2.97e-26   29.1 
0.002231  -2.651   55.714517  1.746  2.97e-26   29 
0.002325  -2.634   55.695331  1.746  2.97e-26   29 
0.002423  -2.616   55.656960  1.746  2.97e-26   29 
0.002524  -2.598   55.637775  1.745  2.97e-26   29 
0.002630  -2.580   55.580709  1.745  2.97e-26   29 
0.002740  -2.562   55.561530  1.745  2.97e-26   29 
0.002854  -2.544   55.523172  1.744  2.97e-26   28.9 
0.002973  -2.527   55.485324  1.744  2.97e-26   28.9 
0.003098  -2.509   55.446979  1.744  2.97e-26   28.9 
0.003228  -2.491   55.408634  1.744  2.97e-26   28.9 
0.003363  -2.473   55.370824  1.743  2.97e-26   28.9 
0.003504  -2.455   55.332492  1.743  2.97e-26   28.9 
0.003652  -2.438   55.275548  1.743  2.97e-26   28.9 
0.003805  -2.420   55.237229  1.742  2.97e-26   28.8 
0.003964  -2.402   55.180324  1.742  2.97e-26   28.8 
0.004129  -2.384   55.123445  1.741  2.97e-26   28.8 
0.004303  -2.366   55.085152  1.741  2.97e-26   28.8 
0.004483  -2.348   55.028312  1.741  2.97e-26   28.8 
0.004670  -2.331   54.952363  1.740  2.97e-26   28.7 
0.004867  -2.313   54.895581  1.740  2.97e-26   28.7 
0.005071  -2.295   54.838825  1.739  2.96e-26   28.7 
0.005282  -2.277   54.762980  1.738  2.96e-26   28.6 
0.005503  -2.259   54.706281  1.738  2.96e-26   28.6 
0.005734  -2.242   54.612057  1.737  2.96e-26   28.6 
0.005975  -2.224   54.555430  1.737  2.96e-26   28.6 
0.006225  -2.206   54.479746  1.736  2.96e-26   28.6 
0.006485  -2.188   54.385703  1.735  2.96e-26   28.5 
0.006757  -2.170   54.310793  1.735  2.95e-26   28.5 
0.007040  -2.152   54.216891  1.734  2.95e-26   28.5 
0.007334  -2.135   54.123067  1.733  2.95e-26   28.4 
0.007642  -2.117   54.029320  1.733  2.95e-26   28.4 
0.007962  -2.099   53.954656  1.732  2.95e-26   28.4 
0.008295  -2.081   53.842756  1.731  2.94e-26   28.4 
0.008643  -2.063   53.730972  1.730  2.94e-26   28.3 
0.009005  -2.046   53.619304  1.729  2.94e-26   28.3 
0.009383  -2.028   53.507753  1.728  2.93e-26   28.3 
0.009775  -2.010   53.378099  1.727  2.93e-26   28.2 
0.010184  -1.992   53.248601  1.726  2.93e-26   28.2 
0.010611  -1.974   53.119257  1.725  2.92e-26   28.2 
0.011056  -1.956   53.008892  1.724  2.92e-26   28.2 
0.011519  -1.939   52.861686  1.723  2.91e-26   28.1 
0.012002  -1.921   52.696545  1.722  2.91e-26   28.1 
0.012505  -1.903   52.568466  1.721  2.9e-26   28.1 
0.013028  -1.885   52.403732  1.719  2.9e-26   28.1 
0.013574  -1.867   52.239791  1.718  2.89e-26   28 
0.014142  -1.849   52.057439  1.716  2.88e-26   28 
0.014734  -1.832   51.875855  1.715  2.87e-26   28 
0.015350  -1.814   51.694477  1.713  2.87e-26   28 
0.015990  -1.796   51.513712  1.712  2.86e-26   27.9 
0.016659  -1.778   51.296673  1.710  2.85e-26   27.9 
0.017358  -1.760   51.098193  1.708  2.84e-26   27.9 
0.018087  -1.743   50.881837  1.707  2.83e-26   27.9 
0.018846  -1.725   50.665779  1.705  2.81e-26   27.9 
0.019634  -1.707   50.449720  1.703  2.8e-26   27.9 
0.020467  -1.689   50.197651  1.701  2.79e-26   27.9 
0.021315  -1.671   49.963478  1.699  2.77e-26   27.9 
0.022207  -1.654   49.711106  1.696  2.76e-26   27.9 
0.023144  -1.636   49.440181  1.694  2.74e-26   27.9 
0.024111  -1.618   49.168818  1.692  2.72e-26   28 
0.025122  -1.600   48.878359  1.689  2.71e-26   28 
0.026179  -1.582   48.604499  1.687  2.69e-26   28 
0.027264  -1.564   48.293429  1.684  2.67e-26   28.1 
0.028410  -1.547   47.980191  1.681  2.64e-26   28.1 
0.029600  -1.529   47.664264  1.678  2.62e-26   28.2 
0.030834  -1.511   47.326854  1.675  2.6e-26   28.3 
0.032128  -1.493   47.003772  1.672  2.57e-26   28.3 
0.033482  -1.475   46.657854  1.669  2.54e-26   28.4 
0.034880  -1.457   46.288228  1.665  2.52e-26   28.5 
0.036338  -1.440   45.896391  1.662  2.49e-26   28.6 
0.037870  -1.422   45.532358  1.658  2.45e-26   28.8 
0.039446  -1.404   45.139056  1.655  2.42e-26   28.9 
0.041097  -1.386   44.739794  1.651  2.39e-26   29 
0.042823  -1.368   44.327307  1.647  2.35e-26   29.2 
0.044622  -1.350   43.903614  1.643  2.32e-26   29.4 
0.046482  -1.333   43.467691  1.638  2.28e-26   29.5 
0.048430  -1.315   43.032941  1.634  2.24e-26   29.7 
0.050468  -1.297   42.583290  1.629  2.2e-26   29.9 
0.052580  -1.279   42.112066  1.624  2.16e-26   30.2 
0.054782  -1.261   41.642365  1.620  2.12e-26   30.4 
0.057072  -1.244   41.153607  1.614  2.08e-26   30.7 
0.059467  -1.226   40.677596  1.609  2.04e-26   30.9 
0.061951  -1.208   40.192561  1.604  2e-26   31.2 
0.064554  -1.190   39.671103  1.598  1.95e-26   31.5 
0.067246  -1.172   39.149548  1.593  1.91e-26   31.8 
0.070072  -1.154   38.642172  1.587  1.86e-26   32.2 
0.073002  -1.137   38.106818  1.581  1.82e-26   32.5 
0.076066  -1.119   37.563156  1.575  1.77e-26   32.9 
0.079249  -1.101   37.021454  1.568  1.73e-26   33.2 
0.082566  -1.083   36.479972  1.562  1.68e-26   33.6 
0.086032  -1.065   35.915846  1.555  1.64e-26   34 
0.089632  -1.048   35.349618  1.548  1.59e-26   34.4 
0.093380  -1.030   34.792040  1.541  1.55e-26   34.8 
0.097292  -1.012   34.220322  1.534  1.5e-26   35.3 
0.101367  -0.994   33.633611  1.527  1.46e-26   35.7 
0.105621  -0.976   33.054384  1.519  1.42e-26   36.2 
0.110039  -0.958   32.482678  1.512  1.38e-26   36.6 
0.114650  -0.941   31.894645  1.504  1.33e-26   37.1 
0.119454  -0.923   31.289472  1.495  1.29e-26   37.6 
0.124452  -0.905   30.707380  1.487  1.25e-26   38 
0.129673  -0.887   30.108328  1.479  1.21e-26   38.5 
0.135102  -0.869   29.509167  1.470  1.17e-26   39 
0.140754  -0.852   28.892659  1.461  1.13e-26   39.5 
0.146659  -0.834   28.309710  1.452  1.1e-26   40 
0.152758  -0.816   27.695582  1.442  1.06e-26   40.5 
0.159153  -0.798   27.090660  1.433  1.02e-26   41 
0.165847  -0.780   26.485167  1.423  9.88e-27   41.5 
0.172838  -0.762   25.882303  1.413  9.54e-27   42.1 
0.180126  -0.744   25.281650  1.403  9.21e-27   42.6 
0.187563  -0.727   24.678368  1.392  8.88e-27   43.1 
0.195446  -0.709   24.076670  1.382  8.57e-27   43.6 
0.203627  -0.691   23.477331  1.371  8.26e-27   44.1 
0.212105  -0.673   22.878865  1.359  7.96e-27   44.6 
0.221030  -0.656   22.284746  1.348  7.67e-27   45 
0.230252  -0.638   21.689141  1.336  7.39e-27   45.5 
0.239920  -0.620   21.101790  1.324  7.11e-27   46 
0.250035  -0.602   20.515563  1.312  6.84e-27   46.5 
0.260446  -0.584   19.930489  1.300  6.59e-27   46.9 
0.271453  -0.566   19.354819  1.287  6.34e-27   47.4 
0.282758  -0.549   18.778306  1.274  6.09e-27   47.8 
0.294657  -0.531   18.209366  1.260  5.86e-27   48.2 
0.307003  -0.513   17.642338  1.247  5.63e-27   48.6 
0.319794  -0.495   17.085624  1.233  5.4e-27   49 
0.333181  -0.477   16.526536  1.218  5.19e-27   49.4 
0.347163  -0.459   15.982813  1.204  4.98e-27   49.8 
0.361739  -0.442   15.439313  1.189  4.78e-27   50.1 
0.376911  -0.424   14.906768  1.173  4.58e-27   50.4 
0.392678  -0.406   14.379895  1.158  4.39e-27   50.7 
0.409039  -0.388   13.859785  1.142  4.21e-27   51 
0.426293  -0.370   13.347483  1.125  4.03e-27   51.3 
0.444142  -0.352   12.843989  1.109  3.86e-27   51.5 
0.462735  -0.335   12.350253  1.092  3.7e-27   51.8 
0.482071  -0.317   11.861547  1.074  3.54e-27   52 
0.502300  -0.299   11.384539  1.056  3.38e-27   52.1 
0.523273  -0.281   10.917947  1.038  3.24e-27   52.3 
0.545138  -0.263   10.458036  1.019  3.09e-27   52.4 
0.568044  -0.246   10.010337  1.000  2.95e-27   52.5 
0.591843  -0.228   9.570553  0.981  2.82e-27   52.6 
0.616682  -0.210   9.141511  0.961  2.69e-27   52.6 
0.642415  -0.192   8.720587  0.941  2.57e-27   52.6 
0.669337  -0.174   8.315288  0.920  2.45e-27   52.6 
0.697449  -0.156   7.916469  0.899  2.34e-27   52.5 
0.726602  -0.139   7.528047  0.877  2.23e-27   52.4 
0.757094  -0.121   7.152576  0.854  2.12e-27   52.2 
0.788776  -0.103   6.786062  0.832  2.02e-27   52 
0.821797  -0.085   6.429329  0.808  1.92e-27   51.8 
0.856156  -0.067   6.084301  0.784  1.83e-27   51.5 
0.892152  -0.050   5.750351  0.760  1.74e-27   51.2 
0.929486  -0.032   5.427008  0.735  1.66e-27   50.8 
0.968456  -0.014   5.112720  0.709  1.58e-27   50.3 
1.008914  0.004   4.813480  0.682  1.5e-27   49.8 
1.051156  0.022   4.519241  0.655  1.42e-27   49.2 
1.095184  0.039   4.238808  0.627  1.35e-27   48.6 
1.141145  0.057   3.966803  0.598  1.28e-27   47.9 
1.188891  0.075   3.708480  0.569  1.22e-27   47.1 
1.238719  0.093   3.457265  0.539  1.16e-27   46.3 
1.290630  0.111   3.215893  0.507  1.1e-27   45.4 
1.344623  0.129   2.984068  0.475  1.04e-27   44.4 
1.400996  0.146   2.761424  0.441  9.9e-28   43.3 
1.459749  0.164   2.548805  0.406  9.39e-28   42.1 
1.520138  0.182   2.344709  0.370  8.9e-28   40.8 
1.584097  0.200   2.149493  0.332  8.44e-28   39.5 
1.651031  0.218   1.962592  0.293  8.01e-28   38 
1.719452  0.235   1.785210  0.252  7.59e-28   36.5 
1.792335  0.253   1.617575  0.209  7.2e-28   34.9 
1.866706  0.271   1.459794  0.164  6.82e-28   33.2 
1.945539  0.289   1.312501  0.118  6.46e-28   31.5 
2.027347  0.307   1.176102  0.070  6.12e-28   29.8 
2.112130  0.325   1.050814  0.022  5.8e-28   28.1 
2.199887  0.342   0.935643  -0.029  5.5e-28   26.4 
2.292107  0.360   0.830856  -0.080  5.21e-28   24.7 
2.388789  0.378   0.736535  -0.133  4.93e-28   23.1 
2.488446  0.396   0.651149  -0.186  4.67e-28   21.6 
2.592565  0.414   0.574474  -0.241  4.43e-28   20.1 
2.701146  0.432   0.505701  -0.296  4.19e-28   18.7 
2.814190  0.449   0.443833  -0.353  3.97e-28   17.3 
2.931696  0.467   0.388235  -0.411  3.76e-28   16 
3.055151  0.485   0.338286  -0.471  3.56e-28   14.7 
3.183069  0.503   0.293360  -0.533  3.37e-28   13.5 
3.316936  0.521   0.252788  -0.597  3.19e-28   12.3 
3.455266  0.538   0.216396  -0.665  3.02e-28   11.1 
3.599545  0.556   0.183420  -0.737  2.86e-28   9.94 
3.751261  0.574   0.153731  -0.813  2.71e-28   8.8 
3.907440  0.592   0.126998  -0.896  2.56e-28   7.68 
4.071056  0.610   0.102833  -0.988  2.43e-28   6.57 
4.242108  0.628   0.081061  -1.091  2.3e-28   5.47 
4.420598  0.645   0.061386  -1.212  2.18e-28   4.38 
4.605038  0.663   0.043634  -1.360  2.06e-28   3.29 
4.798402  0.681   0.027585  -1.559  1.95e-28   2.19 
4.999203  0.699   0.013081  -1.883  1.85e-28   1.1 
5.208928  0.717   -0.000014  nan  1.75e-28   -0.00128 
